The operator was: Angelo Bossi
The sample measure was: Cable
The sample was biased using: 10E-3 Amps
Comments:
test run to see how the program works

Tbefore	        I+	        V+	        I-	        V-	        Tafter	        Tbase	        Time
8.385900E+1	9.996500E-3	1.111270E-4	-1.000350E-2	1.359700E-4	8.387000E+1	1.036140E+2	3.700100E+1
8.388200E+1	9.996360E-3	9.913440E-5	-1.000350E-2	1.366620E-4	8.389900E+1	1.036640E+2	4.100100E+1
8.391200E+1	9.996400E-3	1.016140E-4	-1.000360E-2	1.370430E-4	8.392800E+1	1.037120E+2	4.500100E+1
8.394100E+1	9.996350E-3	9.996890E-5	-1.000360E-2	1.352550E-4	8.395500E+1	1.037540E+2	4.900700E+1
8.396500E+1	9.996350E-3	1.029730E-4	-1.000360E-2	1.369240E-4	8.397900E+1	1.038010E+2	5.300100E+1
8.399200E+1	9.996330E-3	1.016620E-4	-1.000360E-2	1.373770E-4	8.400400E+1	1.038400E+2	5.700100E+1
8.401300E+1	9.996400E-3	1.006360E-4	-1.000360E-2	1.391410E-4	8.402600E+1	1.038810E+2	6.100100E+1
8.403900E+1	9.996300E-3	1.020910E-4	-1.000360E-2	1.342060E-4	8.405000E+1	1.039150E+2	6.500100E+1
8.406100E+1	9.996300E-3	1.001120E-4	-1.000360E-2	1.346830E-4	8.407500E+1	1.039550E+2	6.907800E+1
8.545800E+1	9.996410E-3	1.015420E-4	-1.000360E-2	1.373530E-4	8.675000E+1	1.039910E+2	7.300100E+1
8.761000E+1	9.996350E-3	1.023290E-4	-1.000360E-2	1.371150E-4	8.841400E+1	1.040240E+2	7.700200E+1
8.854500E+1	9.996310E-3	1.001360E-4	-1.000360E-2	1.368760E-4	8.951400E+1	1.040210E+2	8.100200E+1
8.979200E+1	9.996280E-3	1.037840E-4	-1.000370E-2	1.379250E-4	9.008800E+1	1.040080E+2	8.500700E+1
9.075100E+1	9.996370E-3	1.021150E-4	-1.000360E-2	1.370910E-4	9.119800E+1	1.039570E+2	8.900100E+1
9.138300E+1	9.996310E-3	1.007560E-4	-1.000360E-2	1.403810E-4	9.152900E+1	1.035560E+2	9.300100E+1
9.196800E+1	9.996300E-3	1.026150E-4	-1.000370E-2	1.366850E-4	9.221200E+1	1.030770E+2	9.612000E+1
9.199100E+1	9.996320E-3	1.005890E-4	-1.000360E-2	1.390700E-4	9.115000E+1	1.024690E+2	1.000420E+2
9.075500E+1	9.996270E-3	9.858610E-5	-1.000370E-2	1.357790E-4	9.042800E+1	1.017200E+2	1.040000E+2
9.015300E+1	9.996360E-3	9.920600E-5	-1.000380E-2	1.347060E-4	8.988000E+1	1.005070E+2	1.080010E+2
8.962400E+1	9.996270E-3	9.815690E-5	-1.000380E-2	1.358990E-4	8.937000E+1	9.909500E+1	1.120070E+2
8.913600E+1	9.996310E-3	9.801390E-5	-1.000360E-2	1.331810E-4	8.888900E+1	9.774200E+1	1.160420E+2
8.866900E+1	9.996360E-3	9.849070E-5	-1.000370E-2	1.338720E-4	8.843500E+1	9.648900E+1	1.200020E+2
8.821200E+1	9.996370E-3	9.555820E-5	-1.000380E-2	1.298430E-4	8.799000E+1	9.536800E+1	1.240000E+2
8.778000E+1	9.996360E-3	9.436610E-5	-1.000370E-2	1.291040E-4	8.756200E+1	9.435200E+1	1.280010E+2
8.737100E+1	9.996370E-3	9.522440E-5	-1.000370E-2	1.273390E-4	8.716400E+1	9.339400E+1	1.320420E+2
8.698300E+1	9.996380E-3	9.427070E-5	-1.000370E-2	1.285080E-4	8.679700E+1	9.252700E+1	1.360010E+2
8.662500E+1	9.996360E-3	9.293560E-5	-1.000360E-2	1.269100E-4	8.645300E+1	9.164800E+1	1.400010E+2
8.629200E+1	9.996500E-3	9.613040E-5	-1.000350E-2	1.261470E-4	8.613100E+1	9.073600E+1	1.440020E+2
8.598400E+1	9.996380E-3	9.112360E-5	-1.000350E-2	1.292230E-4	8.582800E+1	8.976800E+1	1.480420E+2
8.569400E+1	9.996360E-3	8.828640E-5	-1.000360E-2	1.252890E-4	8.554900E+1	8.884400E+1	1.520010E+2
8.542400E+1	9.996320E-3	9.071830E-5	-1.000360E-2	1.241680E-4	8.528900E+1	8.791600E+1	1.560020E+2
8.515900E+1	9.996480E-3	8.881090E-5	-1.000370E-2	1.252650E-4	8.502900E+1	8.697800E+1	1.600000E+2
8.490600E+1	9.996420E-3	8.866790E-5	-1.000370E-2	1.224990E-4	8.477600E+1	8.579500E+1	1.640410E+2
8.465100E+1	9.996440E-3	8.804800E-5	-1.000350E-2	1.230000E-4	8.438800E+1	8.378400E+1	1.680020E+2
8.387100E+1	9.996460E-3	8.461480E-5	-1.000370E-2	1.191140E-4	8.393600E+1	8.241300E+1	1.720000E+2
8.361900E+1	9.996410E-3	8.218290E-5	-1.000370E-2	1.201870E-4	8.388200E+1	8.165400E+1	1.760020E+2
8.416700E+1	9.996270E-3	8.246900E-5	-1.000370E-2	1.178260E-4	8.431000E+1	8.108800E+1	1.800430E+2
8.432700E+1	9.996290E-3	8.323190E-5	-1.000380E-2	1.174210E-4	8.430500E+1	8.070100E+1	1.840080E+2
8.422200E+1	9.996270E-3	7.896420E-5	-1.000380E-2	1.144650E-4	8.407100E+1	8.042200E+1	1.880020E+2
8.473500E+1	9.996370E-3	7.772450E-5	-1.000370E-2	1.161580E-4	8.523900E+1	8.024700E+1	1.920020E+2
8.551900E+1	9.996500E-3	8.673670E-5	-1.000370E-2	1.124380E-4	8.566300E+1	8.015500E+1	1.960410E+2
8.563100E+1	9.996380E-3	8.015630E-5	-1.000370E-2	1.153470E-4	8.544500E+1	8.013900E+1	2.000010E+2
8.522600E+1	9.996330E-3	7.314680E-5	-1.000360E-2	1.103880E-4	8.515700E+1	8.020200E+1	2.040010E+2
8.510900E+1	9.996350E-3	7.596020E-5	-1.000360E-2	1.110790E-4	8.508600E+1	8.024300E+1	2.080010E+2
8.513000E+1	9.996330E-3	7.643700E-5	-1.000360E-2	1.149650E-4	8.519500E+1	8.023100E+1	2.120410E+2
8.523100E+1	9.996300E-3	7.882120E-5	-1.000360E-2	1.146320E-4	8.528900E+1	8.021500E+1	2.160020E+2
8.532700E+1	9.996310E-3	7.793900E-5	-1.000370E-2	1.101730E-4	8.536500E+1	8.017800E+1	2.200080E+2
8.542300E+1	9.996340E-3	7.271770E-5	-1.000360E-2	1.147990E-4	8.543800E+1	8.013600E+1	2.240020E+2
8.545600E+1	9.996270E-3	7.874970E-5	-1.000360E-2	1.137970E-4	8.545200E+1	8.008300E+1	2.280410E+2
8.545000E+1	9.996330E-3	8.146760E-5	-1.000370E-2	1.132250E-4	8.546800E+1	8.005700E+1	2.320020E+2
8.542900E+1	9.996320E-3	7.288460E-5	-1.000380E-2	1.130340E-4	8.539400E+1	8.004400E+1	2.360020E+2
8.539200E+1	9.996310E-3	7.596020E-5	-1.000380E-2	1.125340E-4	8.538700E+1	8.002100E+1	2.400000E+2
8.536900E+1	9.996310E-3	7.944110E-5	-1.000370E-2	1.150610E-4	8.537500E+1	7.998100E+1	2.440420E+2
8.553700E+1	9.996400E-3	7.689000E-5	-1.000360E-2	1.132010E-4	8.573500E+1	8.036300E+1	2.480010E+2
8.588000E+1	9.996350E-3	7.786750E-5	-1.000370E-2	1.128910E-4	8.590900E+1	8.065400E+1	2.520010E+2
8.589200E+1	9.996400E-3	7.951260E-5	-1.000370E-2	1.178980E-4	8.595800E+1	8.052600E+1	2.560090E+2
8.604900E+1	9.996310E-3	8.170600E-5	-1.000360E-2	1.171830E-4	8.612900E+1	8.052200E+1	2.600430E+2
8.617000E+1	9.996390E-3	7.858280E-5	-1.000370E-2	1.111510E-4	8.635800E+1	8.061100E+1	2.640010E+2
8.650000E+1	9.996390E-3	7.622240E-5	-1.000360E-2	1.133200E-4	8.661200E+1	8.066400E+1	2.680020E+2
8.669300E+1	9.996350E-3	7.746220E-5	-1.000370E-2	1.155140E-4	8.675100E+1	8.060800E+1	2.720010E+2
8.680100E+1	9.996410E-3	7.739070E-5	-1.000380E-2	1.132250E-4	8.684800E+1	8.059000E+1	2.760400E+2
8.688700E+1	9.996310E-3	8.099080E-5	-1.000370E-2	1.120090E-4	8.692100E+1	8.057200E+1	2.800010E+2
8.695900E+1	9.996430E-3	7.534030E-5	-1.000380E-2	1.146320E-4	8.700000E+1	8.054100E+1	2.840020E+2
8.703700E+1	9.996310E-3	7.662770E-5	-1.000380E-2	1.176600E-4	8.710300E+1	8.051600E+1	2.880020E+2
8.716700E+1	9.996330E-3	7.996560E-5	-1.000370E-2	1.180650E-4	8.722500E+1	8.050100E+1	2.920410E+2
8.728000E+1	9.996250E-3	7.972720E-5	-1.000370E-2	1.163010E-4	8.734400E+1	8.052400E+1	2.960020E+2
8.738200E+1	9.996390E-3	7.619860E-5	-1.000370E-2	1.134630E-4	8.740500E+1	8.048500E+1	3.000000E+2
8.742200E+1	9.996340E-3	8.053780E-5	-1.000370E-2	1.171590E-4	8.743900E+1	8.045200E+1	3.040010E+2
8.747500E+1	9.996280E-3	8.168220E-5	-1.000370E-2	1.166340E-4	8.751300E+1	8.040600E+1	3.080410E+2
8.753000E+1	9.996250E-3	8.237360E-5	-1.000380E-2	1.164440E-4	8.754800E+1	8.035300E+1	3.120020E+2
8.763400E+1	9.996300E-3	7.944110E-5	-1.000370E-2	1.177550E-4	8.772000E+1	8.028700E+1	3.160720E+2
8.783400E+1	9.996330E-3	8.156300E-5	-1.000370E-2	1.184700E-4	8.798600E+1	8.017900E+1	3.200020E+2
8.805300E+1	9.996270E-3	8.244510E-5	-1.000370E-2	1.151560E-4	8.789300E+1	8.005600E+1	3.240410E+2
8.769600E+1	9.996410E-3	7.724760E-5	-1.000370E-2	1.120330E-4	8.743100E+1	8.001100E+1	3.280080E+2
8.694900E+1	9.996420E-3	8.051400E-5	-1.000370E-2	1.132490E-4	8.659000E+1	7.999300E+1	3.320020E+2
8.639900E+1	9.996340E-3	7.665160E-5	-1.000360E-2	1.156330E-4	8.629600E+1	7.999800E+1	3.360020E+2
8.622400E+1	9.996270E-3	7.734300E-5	-1.000370E-2	1.140360E-4	8.619800E+1	8.005500E+1	3.400410E+2
8.623600E+1	9.996520E-3	9.088520E-5	-1.000370E-2	1.115800E-4	8.626400E+1	8.016500E+1	3.440010E+2
8.627100E+1	9.996470E-3	7.848740E-5	-1.000370E-2	1.148940E-4	8.629300E+1	8.027800E+1	3.480010E+2
8.632300E+1	9.996440E-3	8.149150E-5	-1.000370E-2	1.169200E-4	8.635500E+1	8.044700E+1	3.520010E+2
8.639100E+1	9.996340E-3	7.755760E-5	-1.000370E-2	1.133920E-4	8.642800E+1	8.054100E+1	3.560400E+2
8.648700E+1	9.996310E-3	8.213520E-5	-1.000370E-2	1.140830E-4	8.653500E+1	8.058200E+1	3.600000E+2
8.657300E+1	9.996300E-3	7.884500E-5	-1.000370E-2	1.180890E-4	8.661900E+1	8.056000E+1	3.640100E+2
8.668200E+1	9.996230E-3	8.108620E-5	-1.000370E-2	1.147030E-4	8.677200E+1	8.054200E+1	3.680030E+2
8.684000E+1	9.996340E-3	7.815360E-5	-1.000370E-2	1.152040E-4	8.690000E+1	8.057600E+1	3.720420E+2
8.695500E+1	9.996320E-3	8.008480E-5	-1.000370E-2	1.145360E-4	8.700800E+1	8.058100E+1	3.760010E+2
8.704800E+1	9.996300E-3	7.760520E-5	-1.000370E-2	1.180410E-4	8.707400E+1	8.056300E+1	3.800000E+2
8.710100E+1	9.996310E-3	7.946490E-5	-1.000370E-2	1.114370E-4	8.711900E+1	8.055600E+1	3.840000E+2
8.714500E+1	9.996210E-3	7.793900E-5	-1.000370E-2	1.172300E-4	8.717000E+1	8.055300E+1	3.880410E+2
8.720300E+1	9.996280E-3	7.808210E-5	-1.000370E-2	1.163960E-4	8.723200E+1	8.054700E+1	3.920010E+2
8.727100E+1	9.996410E-3	7.956030E-5	-1.000380E-2	1.163480E-4	8.733800E+1	8.052700E+1	3.960020E+2
8.739100E+1	9.996420E-3	7.882120E-5	-1.000370E-2	1.140590E-4	8.742800E+1	8.054000E+1	4.000090E+2
8.746800E+1	9.996310E-3	7.734300E-5	-1.000370E-2	1.137730E-4	8.750200E+1	8.054200E+1	4.040420E+2
8.752800E+1	9.996420E-3	7.784370E-5	-1.000370E-2	1.155850E-4	8.755100E+1	8.053600E+1	4.080020E+2
8.756800E+1	9.996350E-3	8.032320E-5	-1.000370E-2	1.181600E-4	8.758200E+1	8.052000E+1	4.120010E+2
8.761000E+1	9.996370E-3	7.903580E-5	-1.000360E-2	1.177790E-4	8.764300E+1	8.047800E+1	4.160000E+2
8.767600E+1	9.996280E-3	8.261200E-5	-1.000370E-2	1.181360E-4	8.776800E+1	8.040800E+1	4.200410E+2
8.785700E+1	9.996330E-3	8.447170E-5	-1.000360E-2	1.180650E-4	8.798300E+1	8.033900E+1	4.240000E+2
8.813100E+1	9.996330E-3	8.177760E-5	-1.000370E-2	1.173500E-4	8.833600E+1	8.021000E+1	4.280020E+2
8.827100E+1	9.996290E-3	8.049010E-5	-1.000360E-2	1.122470E-4	8.806400E+1	8.009000E+1	4.320010E+2
8.783500E+1	9.996350E-3	7.703300E-5	-1.000360E-2	1.158240E-4	8.751100E+1	8.003400E+1	4.360410E+2
8.698800E+1	9.996300E-3	7.922650E-5	-1.000380E-2	1.126770E-4	8.662400E+1	7.999700E+1	4.400030E+2
8.644100E+1	9.996340E-3	7.689000E-5	-1.000370E-2	1.126530E-4	8.631000E+1	7.997900E+1	4.440020E+2
8.625900E+1	9.996320E-3	7.712840E-5	-1.000370E-2	1.094100E-4	8.623100E+1	8.005000E+1	4.480010E+2
8.620900E+1	9.996340E-3	7.851120E-5	-1.000370E-2	1.137970E-4	8.623800E+1	8.014600E+1	4.520410E+2
8.627000E+1	9.996240E-3	7.653240E-5	-1.000360E-2	1.148220E-4	8.627500E+1	8.024800E+1	4.560010E+2
8.629100E+1	9.996360E-3	7.817750E-5	-1.000380E-2	1.111980E-4	8.631100E+1	8.034800E+1	4.600010E+2
8.632300E+1	9.996260E-3	7.431510E-5	-1.000380E-2	1.100780E-4	8.638200E+1	8.046000E+1	4.640010E+2
8.643200E+1	9.996240E-3	7.798670E-5	-1.000370E-2	1.117710E-4	8.649700E+1	8.054900E+1	4.680410E+2
8.652400E+1	9.996230E-3	7.796290E-5	-1.000380E-2	1.133200E-4	8.655700E+1	8.056900E+1	4.720090E+2
8.656600E+1	9.996210E-3	7.860660E-5	-1.000380E-2	1.141550E-4	8.659400E+1	8.052900E+1	4.760020E+2
8.663500E+1	9.996250E-3	7.674690E-5	-1.000360E-2	1.154900E-4	8.672500E+1	8.052800E+1	4.800000E+2
8.678500E+1	9.996260E-3	8.094310E-5	-1.000370E-2	1.142740E-4	8.684000E+1	8.051800E+1	4.840410E+2
8.689200E+1	9.996200E-3	7.884500E-5	-1.000370E-2	1.150610E-4	8.692900E+1	8.051700E+1	4.880000E+2
8.698200E+1	9.996210E-3	7.829670E-5	-1.000380E-2	1.148220E-4	8.701600E+1	8.051700E+1	4.920000E+2
8.704200E+1	9.996190E-3	7.884500E-5	-1.000370E-2	1.135110E-4	8.706700E+1	8.051500E+1	4.960010E+2
8.708500E+1	9.996240E-3	8.189680E-5	-1.000370E-2	1.178030E-4	8.710900E+1	8.052300E+1	5.000410E+2
8.714000E+1	9.996350E-3	8.127690E-5	-1.000370E-2	1.173500E-4	8.717400E+1	8.050700E+1	5.040020E+2
8.722000E+1	9.996290E-3	8.041860E-5	-1.000360E-2	1.160860E-4	8.728600E+1	8.048500E+1	5.080090E+2
8.733000E+1	9.996360E-3	8.172990E-5	-1.000370E-2	1.181600E-4	8.736800E+1	8.045300E+1	5.120030E+2
8.739800E+1	9.996410E-3	8.134840E-5	-1.000360E-2	1.168490E-4	8.742800E+1	8.041000E+1	5.160420E+2
8.744600E+1	9.996430E-3	8.060930E-5	-1.000360E-2	1.188520E-4	8.746700E+1	8.037100E+1	5.200020E+2
8.747600E+1	9.996290E-3	8.316040E-5	-1.000370E-2	1.178740E-4	8.748100E+1	8.032700E+1	5.240010E+2
8.748200E+1	9.996300E-3	7.967950E-5	-1.000380E-2	1.142500E-4	8.744400E+1	8.028300E+1	5.280020E+2
8.738400E+1	9.996370E-3	8.182530E-5	-1.000370E-2	1.169440E-4	8.728900E+1	8.024800E+1	5.320410E+2
8.707300E+1	9.996300E-3	7.867810E-5	-1.000370E-2	1.172070E-4	8.680700E+1	8.021100E+1	5.360010E+2
8.662600E+1	9.996280E-3	7.801060E-5	-1.000360E-2	1.125340E-4	8.648300E+1	8.017500E+1	5.400010E+2
8.638400E+1	9.996240E-3	7.534030E-5	-1.000350E-2	1.169200E-4	8.632800E+1	8.014400E+1	5.440100E+2
8.629300E+1	9.996300E-3	8.289810E-5	-1.000370E-2	1.143220E-4	8.624400E+1	8.014500E+1	5.480440E+2
8.622200E+1	9.996220E-3	8.113380E-5	-1.000370E-2	1.150370E-4	8.621500E+1	8.016300E+1	5.520000E+2
8.620300E+1	9.996230E-3	7.860660E-5	-1.000370E-2	1.148220E-4	8.618000E+1	8.017800E+1	5.560010E+2
8.617700E+1	9.996380E-3	7.922650E-5	-1.000370E-2	1.152040E-4	8.620600E+1	8.021300E+1	5.600020E+2
8.620800E+1	9.996330E-3	7.958410E-5	-1.000360E-2	1.152990E-4	8.620000E+1	8.022600E+1	5.640410E+2
8.620300E+1	9.996290E-3	8.163450E-5	-1.000370E-2	1.147030E-4	8.617100E+1	8.023200E+1	5.680010E+2
8.616200E+1	9.996270E-3	7.801060E-5	-1.000380E-2	1.108650E-4	8.617900E+1	8.025400E+1	5.720010E+2
8.621400E+1	9.996230E-3	7.801060E-5	-1.000370E-2	1.153470E-4	8.624600E+1	8.031100E+1	5.760010E+2
8.628500E+1	9.996220E-3	8.065700E-5	-1.000370E-2	1.164200E-4	8.630500E+1	8.039200E+1	5.800410E+2
8.634300E+1	9.996310E-3	7.836820E-5	-1.000370E-2	1.126770E-4	8.639600E+1	8.047100E+1	5.840030E+2
8.642600E+1	9.996260E-3	7.660390E-5	-1.000370E-2	1.144410E-4	8.646400E+1	8.050600E+1	5.880010E+2
8.647800E+1	9.996340E-3	8.063320E-5	-1.000370E-2	1.131530E-4	8.650300E+1	8.053000E+1	5.920020E+2
8.654700E+1	9.996300E-3	8.285050E-5	-1.000370E-2	1.142740E-4	8.656000E+1	8.053900E+1	5.960410E+2
8.662900E+1	9.996350E-3	8.032320E-5	-1.000370E-2	1.123430E-4	8.670400E+1	8.054500E+1	6.000010E+2
8.676500E+1	9.996400E-3	7.872580E-5	-1.000350E-2	1.155610E-4	8.681400E+1	8.052800E+1	6.040010E+2
8.685500E+1	9.996430E-3	8.065700E-5	-1.000350E-2	1.184700E-4	8.689300E+1	8.051800E+1	6.080000E+2
8.693300E+1	9.996380E-3	8.335110E-5	-1.000370E-2	1.155380E-4	8.696400E+1	8.050000E+1	6.120410E+2
8.699300E+1	9.996310E-3	7.846360E-5	-1.000360E-2	1.165150E-4	8.701700E+1	8.050500E+1	6.160100E+2
8.703100E+1	9.996390E-3	8.127690E-5	-1.000360E-2	1.156090E-4	8.705200E+1	8.047600E+1	6.200020E+2
8.707100E+1	9.996390E-3	8.134840E-5	-1.000370E-2	1.171350E-4	8.708800E+1	8.042900E+1	6.240000E+2
8.712300E+1	9.996400E-3	8.211140E-5	-1.000370E-2	1.193050E-4	8.719000E+1	8.036200E+1	6.280410E+2
8.723500E+1	9.996500E-3	7.796290E-5	-1.000370E-2	1.166340E-4	8.726700E+1	8.031100E+1	6.320010E+2
8.729800E+1	9.996430E-3	7.932190E-5	-1.000350E-2	1.154420E-4	8.729700E+1	8.027000E+1	6.360010E+2
8.726300E+1	9.996410E-3	8.456710E-5	-1.000350E-2	1.198050E-4	8.720800E+1	8.023400E+1	6.400020E+2
8.708700E+1	9.996420E-3	8.120540E-5	-1.000360E-2	1.160380E-4	8.682300E+1	8.020000E+1	6.440420E+2
8.662600E+1	9.996590E-3	7.927420E-5	-1.000360E-2	1.147990E-4	8.647400E+1	8.017000E+1	6.480010E+2
8.638400E+1	9.996530E-3	7.863050E-5	-1.000360E-2	1.163720E-4	8.630200E+1	8.014200E+1	6.520100E+2
8.624800E+1	9.996350E-3	8.330350E-5	-1.000360E-2	1.159430E-4	8.622100E+1	8.013700E+1	6.560020E+2
8.618600E+1	9.996390E-3	8.306500E-5	-1.000370E-2	1.177550E-4	8.614600E+1	8.013200E+1	6.600420E+2
8.612700E+1	9.996470E-3	7.829670E-5	-1.000370E-2	1.168010E-4	8.612000E+1	8.013600E+1	6.640020E+2
8.610400E+1	9.996560E-3	7.741450E-5	-1.000360E-2	1.167770E-4	8.607800E+1	8.014000E+1	6.680010E+2
8.608800E+1	9.996470E-3	7.960800E-5	-1.000360E-2	1.152990E-4	8.611400E+1	8.017800E+1	6.720010E+2
8.613200E+1	9.996550E-3	8.063320E-5	-1.000350E-2	1.127480E-4	8.616000E+1	8.023700E+1	6.760410E+2
8.619500E+1	9.996420E-3	7.748600E-5	-1.000360E-2	1.123670E-4	8.622600E+1	8.032900E+1	6.800010E+2
8.626000E+1	9.996350E-3	8.041860E-5	-1.000350E-2	1.161580E-4	8.630700E+1	8.040000E+1	6.840010E+2
8.634300E+1	9.996390E-3	7.886890E-5	-1.000360E-2	1.180890E-4	8.637800E+1	8.045600E+1	6.880100E+2
8.642100E+1	9.996360E-3	7.798670E-5	-1.000360E-2	1.139880E-4	8.643700E+1	8.049300E+1	6.920450E+2
8.645200E+1	9.996490E-3	8.013250E-5	-1.000350E-2	1.164200E-4	8.648700E+1	8.051700E+1	6.960010E+2
8.651400E+1	9.996310E-3	7.920270E-5	-1.000370E-2	1.184940E-4	8.658300E+1	8.051700E+1	7.000020E+2
8.666900E+1	9.996330E-3	7.863050E-5	-1.000370E-2	1.183030E-4	8.673200E+1	8.051700E+1	7.040000E+2
8.678700E+1	9.996410E-3	8.101460E-5	-1.000360E-2	1.141790E-4	8.683600E+1	8.051500E+1	7.080420E+2
8.687300E+1	9.996400E-3	8.001330E-5	-1.000370E-2	1.152990E-4	8.691300E+1	8.050200E+1	7.120020E+2
8.695000E+1	9.996450E-3	8.199210E-5	-1.000370E-2	1.173970E-4	8.697900E+1	8.049400E+1	7.160000E+2
8.699700E+1	9.996420E-3	8.375650E-5	-1.000380E-2	1.153470E-4	8.702800E+1	8.048900E+1	7.200020E+2
8.705800E+1	9.996390E-3	8.075240E-5	-1.000350E-2	1.137730E-4	8.709300E+1	8.049700E+1	7.240420E+2
8.712800E+1	9.996450E-3	7.965560E-5	-1.000360E-2	1.139880E-4	8.718400E+1	8.047500E+1	7.280020E+2
8.723300E+1	9.996450E-3	8.139610E-5	-1.000360E-2	1.134870E-4	8.728100E+1	8.043300E+1	7.320020E+2
8.731600E+1	9.996470E-3	8.180140E-5	-1.000360E-2	1.188280E-4	8.734100E+1	8.037800E+1	7.360020E+2
8.735600E+1	9.996410E-3	8.225440E-5	-1.000350E-2	1.173970E-4	8.736500E+1	8.031700E+1	7.400420E+2
8.737600E+1	9.996300E-3	7.660390E-5	-1.000360E-2	1.183750E-4	8.738500E+1	8.027500E+1	7.440020E+2
8.739200E+1	9.996250E-3	8.420940E-5	-1.000350E-2	1.202110E-4	8.740200E+1	8.022200E+1	7.480010E+2
8.741200E+1	9.996400E-3	8.184910E-5	-1.000350E-2	1.166340E-4	8.734300E+1	8.018200E+1	7.520010E+2
8.726600E+1	9.996350E-3	8.304120E-5	-1.000350E-2	1.119850E-4	8.707600E+1	8.014700E+1	7.560420E+2
8.679000E+1	9.996410E-3	7.588860E-5	-1.000350E-2	1.128440E-4	8.657700E+1	8.012300E+1	7.600100E+2
8.642700E+1	9.996380E-3	7.832050E-5	-1.000360E-2	1.189950E-4	8.631900E+1	8.009600E+1	7.640040E+2
8.644000E+1	9.996450E-3	7.662770E-5	-1.000350E-2	1.164910E-4	8.672500E+1	8.074500E+1	7.680020E+2
8.686300E+1	9.996430E-3	7.555480E-5	-1.000350E-2	1.097680E-4	8.686400E+1	8.101400E+1	7.720410E+2
8.701600E+1	9.996420E-3	7.960800E-5	-1.000350E-2	1.181600E-4	8.714300E+1	8.105400E+1	7.760000E+2
8.723400E+1	9.996470E-3	7.827280E-5	-1.000360E-2	1.197100E-4	8.727400E+1	8.093100E+1	7.800010E+2
8.732100E+1	9.996470E-3	8.115770E-5	-1.000360E-2	1.165150E-4	8.734800E+1	8.087100E+1	7.840010E+2
8.736100E+1	9.996410E-3	8.225440E-5	-1.000370E-2	1.151320E-4	8.738000E+1	8.085000E+1	7.880420E+2
8.737100E+1	9.996270E-3	8.041860E-5	-1.000380E-2	1.170400E-4	8.734900E+1	8.089900E+1	7.920000E+2
8.738100E+1	9.996250E-3	8.184910E-5	-1.000380E-2	1.174450E-4	8.743600E+1	8.102800E+1	7.960100E+2
8.747100E+1	9.996300E-3	8.101460E-5	-1.000360E-2	1.160140E-4	8.750900E+1	8.103300E+1	8.000030E+2
8.752900E+1	9.996250E-3	8.120540E-5	-1.000370E-2	1.125810E-4	8.754800E+1	8.105600E+1	8.040410E+2
8.757200E+1	9.996290E-3	7.944110E-5	-1.000360E-2	1.178980E-4	8.759700E+1	8.106500E+1	8.080000E+2
8.761700E+1	9.996370E-3	8.182530E-5	-1.000370E-2	1.207110E-4	8.764300E+1	8.107700E+1	8.120020E+2
8.765900E+1	9.996230E-3	8.473400E-5	-1.000370E-2	1.197340E-4	8.768100E+1	8.107800E+1	8.160010E+2
8.770700E+1	9.996330E-3	8.473400E-5	-1.000370E-2	1.188280E-4	8.774000E+1	8.108400E+1	8.200410E+2
8.777300E+1	9.996270E-3	7.624630E-5	-1.000370E-2	1.179460E-4	8.782900E+1	8.108100E+1	8.240010E+2
8.789200E+1	9.996360E-3	8.726120E-5	-1.000350E-2	1.196860E-4	8.794500E+1	8.108300E+1	8.280020E+2
8.800100E+1	9.996370E-3	8.697510E-5	-1.000360E-2	1.191850E-4	8.805600E+1	8.108600E+1	8.320120E+2
8.809700E+1	9.996500E-3	8.280280E-5	-1.000360E-2	1.224280E-4	8.814200E+1	8.109700E+1	8.360420E+2
8.816900E+1	9.996380E-3	8.468630E-5	-1.000350E-2	1.152520E-4	8.820200E+1	8.110100E+1	8.400010E+2
8.823600E+1	9.996440E-3	8.392330E-5	-1.000350E-2	1.194720E-4	8.827100E+1	8.111900E+1	8.440000E+2
8.831100E+1	9.996380E-3	8.399490E-5	-1.000360E-2	1.232860E-4	8.836700E+1	8.112900E+1	8.480010E+2
8.842300E+1	9.996380E-3	8.399490E-5	-1.000350E-2	1.224280E-4	8.849800E+1	8.113400E+1	8.520420E+2
8.859000E+1	9.996400E-3	8.416180E-5	-1.000360E-2	1.179220E-4	8.878300E+1	8.114800E+1	8.560020E+2
8.898000E+1	9.996390E-3	8.680820E-5	-1.000360E-2	1.210210E-4	8.921400E+1	8.115500E+1	8.600010E+2
8.948700E+1	9.996430E-3	8.211140E-5	-1.000370E-2	1.180650E-4	8.982200E+1	8.115900E+1	8.640010E+2
9.015000E+1	9.996520E-3	8.156300E-5	-1.000360E-2	1.186850E-4	9.047300E+1	8.116600E+1	8.680410E+2
9.079500E+1	9.996520E-3	8.215900E-5	-1.000350E-2	1.207110E-4	9.115100E+1	8.117100E+1	8.720030E+2
9.146100E+1	9.996380E-3	8.518700E-5	-1.000360E-2	1.199250E-4	9.176500E+1	8.118300E+1	8.760020E+2
9.202900E+1	9.996390E-3	8.523460E-5	-1.000360E-2	1.200910E-4	9.229500E+1	8.120100E+1	8.800000E+2
9.252600E+1	9.996360E-3	8.521080E-5	-1.000360E-2	1.195190E-4	9.276200E+1	8.121600E+1	8.840410E+2
9.296500E+1	9.996360E-3	8.714200E-5	-1.000360E-2	1.209740E-4	9.317200E+1	8.123300E+1	8.880010E+2
9.335700E+1	9.996370E-3	8.642670E-5	-1.000360E-2	1.238350E-4	9.353400E+1	8.126000E+1	8.920020E+2
9.369400E+1	9.996420E-3	8.628370E-5	-1.000360E-2	1.190660E-4	9.384900E+1	8.126900E+1	8.960010E+2
9.399000E+1	9.996370E-3	8.819100E-5	-1.000350E-2	1.221180E-4	9.412800E+1	8.129300E+1	9.000420E+2
9.425600E+1	9.996380E-3	8.566380E-5	-1.000350E-2	1.219270E-4	9.438100E+1	8.133600E+1	9.040120E+2
9.449600E+1	9.996380E-3	8.561610E-5	-1.000370E-2	1.212600E-4	9.461700E+1	8.139200E+1	9.080030E+2
9.472200E+1	9.996400E-3	9.012220E-5	-1.000350E-2	1.185890E-4	9.482900E+1	8.145300E+1	9.120010E+2
9.492300E+1	9.996390E-3	8.766650E-5	-1.000360E-2	1.231190E-4	9.502300E+1	8.153700E+1	9.160410E+2
9.510700E+1	9.996410E-3	8.544920E-5	-1.000360E-2	1.232390E-4	9.519100E+1	8.164100E+1	9.200010E+2
9.527000E+1	9.996380E-3	8.759500E-5	-1.000350E-2	1.212120E-4	9.535000E+1	8.176200E+1	9.240020E+2
9.541700E+1	9.996320E-3	9.047990E-5	-1.000350E-2	1.208540E-4	9.548800E+1	8.192100E+1	9.280000E+2
9.555500E+1	9.996310E-3	8.857250E-5	-1.000370E-2	1.250510E-4	9.561700E+1	8.213500E+1	9.320400E+2
9.567500E+1	9.996470E-3	8.788110E-5	-1.000360E-2	1.250030E-4	9.573400E+1	8.238000E+1	9.360020E+2
9.578800E+1	9.996400E-3	9.279250E-5	-1.000360E-2	1.221660E-4	9.584000E+1	8.262600E+1	9.400120E+2
9.589300E+1	9.996340E-3	9.214880E-5	-1.000370E-2	1.242400E-4	9.594100E+1	8.289500E+1	9.440030E+2
9.598900E+1	9.996460E-3	8.752350E-5	-1.000360E-2	1.261470E-4	9.604200E+1	8.318700E+1	9.480420E+2
9.608800E+1	9.996410E-3	8.893010E-5	-1.000370E-2	1.220700E-4	9.613500E+1	8.350900E+1	9.520020E+2
9.618000E+1	9.996520E-3	9.129050E-5	-1.000360E-2	1.241450E-4	9.622600E+1	8.385800E+1	9.560010E+2
9.627600E+1	9.996350E-3	8.914470E-5	-1.000380E-2	1.263140E-4	9.632100E+1	8.420900E+1	9.600020E+2
9.637200E+1	9.996470E-3	8.816720E-5	-1.000370E-2	1.251940E-4	9.641900E+1	8.460300E+1	9.640410E+2
9.647200E+1	9.996430E-3	8.728500E-5	-1.000360E-2	1.207830E-4	9.652200E+1	8.500900E+1	9.680020E+2
9.657600E+1	9.996360E-3	8.983610E-5	-1.000360E-2	1.228090E-4	9.662800E+1	8.541900E+1	9.720010E+2
9.668100E+1	9.996460E-3	8.835790E-5	-1.000350E-2	1.252170E-4	9.673400E+1	8.585800E+1	9.760120E+2
9.678600E+1	9.996600E-3	8.587840E-5	-1.000350E-2	1.235010E-4	9.684300E+1	8.630300E+1	9.800420E+2
9.689900E+1	9.996440E-3	8.811950E-5	-1.000360E-2	1.242640E-4	9.695600E+1	8.674400E+1	9.840010E+2
9.700800E+1	9.996550E-3	9.129050E-5	-1.000350E-2	1.251700E-4	9.707000E+1	8.719300E+1	9.880010E+2
9.712000E+1	9.996480E-3	9.131430E-5	-1.000360E-2	1.237630E-4	9.717900E+1	8.764400E+1	9.920010E+2
9.723200E+1	9.996420E-3	9.062290E-5	-1.000360E-2	1.266000E-4	9.729300E+1	8.809600E+1	9.960400E+2
9.734700E+1	9.996440E-3	9.312630E-5	-1.000360E-2	1.273630E-4	9.740800E+1	8.854100E+1	1.000000E+3
9.745800E+1	9.996260E-3	9.279250E-5	-1.000370E-2	1.260760E-4	9.752200E+1	8.898600E+1	1.004001E+3
9.757600E+1	9.996350E-3	9.243490E-5	-1.000380E-2	1.297470E-4	9.763600E+1	8.943700E+1	1.008001E+3
9.769000E+1	9.996250E-3	9.403230E-5	-1.000380E-2	1.298900E-4	9.774700E+1	8.988400E+1	1.012041E+3
9.780400E+1	9.996230E-3	9.396080E-5	-1.000380E-2	1.289610E-4	9.786200E+1	9.033000E+1	1.016003E+3
9.792200E+1	9.996370E-3	9.229180E-5	-1.000380E-2	1.312730E-4	9.798000E+1	9.077000E+1	1.020002E+3
9.803400E+1	9.996370E-3	9.622570E-5	-1.000380E-2	1.302480E-4	9.809200E+1	9.121600E+1	1.024002E+3
9.815600E+1	9.996360E-3	9.946820E-5	-1.000380E-2	1.311060E-4	9.822000E+1	9.162800E+1	1.028041E+3
9.828300E+1	9.996320E-3	9.257790E-5	-1.000380E-2	1.343730E-4	9.834600E+1	9.201400E+1	1.032001E+3
9.841500E+1	9.996360E-3	9.684560E-5	-1.000370E-2	1.315830E-4	9.847800E+1	9.242900E+1	1.036001E+3
9.854800E+1	9.996290E-3	9.958740E-5	-1.000360E-2	1.318690E-4	9.862300E+1	9.285000E+1	1.040002E+3
9.869600E+1	9.996420E-3	9.865760E-5	-1.000360E-2	1.335140E-4	9.877400E+1	9.326300E+1	1.044042E+3
9.885600E+1	9.996380E-3	9.670260E-5	-1.000370E-2	1.276490E-4	9.894500E+1	9.367200E+1	1.048012E+3
9.903500E+1	9.996330E-3	9.529590E-5	-1.000360E-2	1.314880E-4	9.913400E+1	9.408300E+1	1.052003E+3
9.923400E+1	9.996310E-3	9.367470E-5	-1.000370E-2	1.303200E-4	9.935200E+1	9.448300E+1	1.056000E+3
9.946200E+1	9.996430E-3	9.601120E-5	-1.000360E-2	1.337770E-4	9.958900E+1	9.487700E+1	1.060042E+3
9.971500E+1	9.996270E-3	9.620190E-5	-1.000370E-2	1.328470E-4	9.985200E+1	9.528600E+1	1.064001E+3
9.999200E+1	9.996320E-3	9.982590E-5	-1.000370E-2	1.327990E-4	1.001480E+2	9.568200E+1	1.068001E+3
1.003060E+2	9.996280E-3	9.851460E-5	-1.000360E-2	1.328470E-4	1.004800E+2	9.607300E+1	1.072001E+3
1.006580E+2	9.996370E-3	1.011130E-4	-1.000360E-2	1.346350E-4	1.008630E+2	9.646800E+1	1.076041E+3
1.010550E+2	9.996270E-3	1.012800E-4	-1.000360E-2	1.298190E-4	1.009390E+2	9.687800E+1	1.080001E+3
1.009960E+2	9.996360E-3	1.045700E-4	-1.000370E-2	1.305820E-4	1.013580E+2	9.729300E+1	1.084012E+3
1.012810E+2	9.996270E-3	1.128200E-4	-1.000370E-2	1.231910E-4	1.011870E+2	9.771200E+1	1.088005E+3
1.017410E+2	9.996320E-3	1.229050E-4	-1.000370E-2	1.131770E-4	1.017730E+2	9.812100E+1	1.092041E+3
1.017750E+2	9.996290E-3	1.337530E-4	-1.000370E-2	9.558200E-5	1.019790E+2	9.853300E+1	1.096002E+3
1.024020E+2	9.996300E-3	1.489160E-4	-1.000370E-2	8.621220E-5	1.025860E+2	9.894700E+1	1.100000E+3
1.026230E+2	9.996310E-3	1.468660E-4	-1.000370E-2	8.616450E-5	1.026590E+2	9.936000E+1	1.104002E+3
1.026920E+2	9.996240E-3	1.497030E-4	-1.000370E-2	7.896420E-5	1.028610E+2	9.976900E+1	1.108041E+3
1.033410E+2	9.996240E-3	1.481060E-4	-1.000370E-2	7.748600E-5	1.032310E+2	1.001780E+2	1.112001E+3
1.031070E+2	9.996300E-3	1.478200E-4	-1.000360E-2	7.336140E-5	1.035330E+2	1.005830E+2	1.116001E+3
1.037470E+2	9.996390E-3	1.446250E-4	-1.000360E-2	7.171630E-5	1.036800E+2	1.009800E+2	1.120012E+3
1.033590E+2	9.996410E-3	1.433130E-4	-1.000370E-2	6.480220E-5	1.033620E+2	1.013830E+2	1.124045E+3
1.031830E+2	9.996400E-3	1.391410E-4	-1.000370E-2	6.797310E-5	1.027670E+2	1.017830E+2	1.128002E+3
1.025380E+2	9.996320E-3	1.418590E-4	-1.000380E-2	6.906990E-5	1.023380E+2	1.021800E+2	1.132079E+3
1.033400E+2	9.996320E-3	1.451970E-4	-1.000370E-2	6.806850E-5	1.043200E+2	1.025600E+2	1.136001E+3
1.049330E+2	9.996420E-3	1.435040E-4	-1.000370E-2	6.370540E-5	1.055060E+2	1.029490E+2	1.140042E+3
1.060120E+2	9.996310E-3	1.421450E-4	-1.000360E-2	6.129740E-5	1.065250E+2	1.033300E+2	1.144002E+3
1.069930E+2	9.996280E-3	1.420020E-4	-1.000360E-2	6.074910E-5	1.074760E+2	1.037160E+2	1.148000E+3
1.079180E+2	9.996340E-3	1.392600E-4	-1.000370E-2	6.072520E-5	1.083790E+2	1.040920E+2	1.152002E+3
1.088050E+2	9.996390E-3	1.413350E-4	-1.000370E-2	5.867480E-5	1.092440E+2	1.044620E+2	1.156042E+3
1.096550E+2	9.996370E-3	1.344200E-4	-1.000370E-2	5.619530E-5	1.100860E+2	1.048250E+2	1.160003E+3
1.104830E+2	9.996420E-3	1.377110E-4	-1.000370E-2	5.385880E-5	1.108100E+2	1.051890E+2	1.164001E+3
1.110030E+2	9.996360E-3	1.396180E-4	-1.000370E-2	5.230900E-5	1.109130E+2	1.055530E+2	1.168001E+3
1.114020E+2	9.996450E-3	1.384500E-4	-1.000380E-2	5.156990E-5	1.117200E+2	1.059200E+2	1.172041E+3
1.118000E+2	9.996470E-3	1.374720E-4	-1.000380E-2	5.202290E-5	1.118810E+2	1.062720E+2	1.176001E+3
1.119300E+2	9.996340E-3	1.377340E-4	-1.000360E-2	4.768370E-5	1.123250E+2	1.066340E+2	1.180000E+3
1.126390E+2	9.996430E-3	1.412630E-4	-1.000370E-2	5.028250E-5	1.126140E+2	1.069930E+2	1.184001E+3
1.124390E+2	9.996360E-3	1.370430E-4	-1.000370E-2	4.940030E-5	1.129690E+2	1.073540E+2	1.188041E+3
1.131940E+2	9.996260E-3	1.379250E-4	-1.000360E-2	4.842280E-5	1.132660E+2	1.077170E+2	1.192013E+3
1.130220E+2	9.996300E-3	1.383070E-4	-1.000370E-2	4.684930E-5	1.130350E+2	1.080720E+2	1.196006E+3
1.130570E+2	9.996410E-3	1.404290E-4	-1.000370E-2	4.911420E-5	1.131610E+2	1.084070E+2	1.200000E+3
1.127790E+2	9.996400E-3	1.372100E-4	-1.000360E-2	4.804130E-5	1.124680E+2	1.087490E+2	1.204041E+3
1.122480E+2	9.996400E-3	1.395230E-4	-1.000370E-2	5.142690E-5	1.120710E+2	1.090830E+2	1.208000E+3
1.119250E+2	9.996450E-3	1.410010E-4	-1.000380E-2	5.061630E-5	1.117890E+2	1.094200E+2	1.212002E+3
1.116690E+2	9.996350E-3	1.422410E-4	-1.000380E-2	5.168910E-5	1.115550E+2	1.097610E+2	1.216001E+3
1.114510E+2	9.996340E-3	1.456020E-4	-1.000370E-2	4.913810E-5	1.113500E+2	1.100990E+2	1.220042E+3
1.112670E+2	9.996340E-3	1.409530E-4	-1.000380E-2	5.118850E-5	1.111810E+2	1.104260E+2	1.224000E+3
1.111030E+2	9.996360E-3	1.413110E-4	-1.000380E-2	5.197530E-5	1.110350E+2	1.107570E+2	1.228013E+3
1.109730E+2	9.996290E-3	1.415970E-4	-1.000370E-2	5.178450E-5	1.109120E+2	1.110820E+2	1.232003E+3
1.108530E+2	9.996240E-3	1.414780E-4	-1.000380E-2	5.283360E-5	1.108010E+2	1.114120E+2	1.236041E+3
1.107520E+2	9.996310E-3	1.439090E-4	-1.000370E-2	5.364420E-5	1.107110E+2	1.117300E+2	1.240002E+3
1.106730E+2	9.996370E-3	1.455070E-4	-1.000370E-2	5.731580E-5	1.106380E+2	1.120510E+2	1.244001E+3
1.106080E+2	9.996350E-3	1.440530E-4	-1.000370E-2	5.943780E-5	1.105760E+2	1.123550E+2	1.248001E+3
1.105470E+2	9.996270E-3	1.429320E-4	-1.000370E-2	5.216600E-5	1.105180E+2	1.126650E+2	1.252042E+3
1.104970E+2	9.996310E-3	1.430750E-4	-1.000380E-2	5.359650E-5	1.104740E+2	1.129750E+2	1.256001E+3
1.104550E+2	9.996320E-3	1.437660E-4	-1.000360E-2	5.364420E-5	1.104360E+2	1.132880E+2	1.260002E+3
1.104220E+2	9.996330E-3	1.420970E-4	-1.000350E-2	5.261900E-5	1.104060E+2	1.136000E+2	1.264013E+3
1.103900E+2	9.996380E-3	1.432900E-4	-1.000370E-2	5.621910E-5	1.103780E+2	1.139090E+2	1.268041E+3
1.103700E+2	9.996340E-3	1.429320E-4	-1.000360E-2	5.438330E-5	1.103520E+2	1.142130E+2	1.272001E+3
1.103510E+2	9.996450E-3	1.448630E-4	-1.000360E-2	5.469320E-5	1.103420E+2	1.145120E+2	1.276000E+3
1.103330E+2	9.996360E-3	1.439090E-4	-1.000370E-2	5.316730E-5	1.103320E+2	1.148130E+2	1.280001E+3
1.103250E+2	9.996280E-3	1.442670E-4	-1.000360E-2	5.097390E-5	1.103260E+2	1.151200E+2	1.284042E+3
1.103280E+2	9.996310E-3	1.451250E-4	-1.000360E-2	5.607600E-5	1.103270E+2	1.154150E+2	1.288001E+3
1.103340E+2	9.996400E-3	1.428130E-4	-1.000370E-2	5.457400E-5	1.103390E+2	1.157150E+2	1.292001E+3
1.103400E+2	9.996270E-3	1.399990E-4	-1.000370E-2	5.497930E-5	1.103510E+2	1.160100E+2	1.296000E+3
1.103600E+2	9.996180E-3	1.405720E-4	-1.000370E-2	5.247590E-5	1.103680E+2	1.163120E+2	1.300042E+3
1.103780E+2	9.996290E-3	1.461510E-4	-1.000380E-2	5.302430E-5	1.103900E+2	1.166060E+2	1.304004E+3
1.104020E+2	9.996430E-3	1.444820E-4	-1.000380E-2	5.669590E-5	1.104150E+2	1.168980E+2	1.308001E+3
1.104340E+2	9.996330E-3	1.438620E-4	-1.000380E-2	5.409720E-5	1.104510E+2	1.171830E+2	1.312000E+3
1.104680E+2	9.996440E-3	1.466270E-4	-1.000380E-2	5.578990E-5	1.104880E+2	1.174660E+2	1.316041E+3
1.105070E+2	9.996350E-3	1.463170E-4	-1.000370E-2	5.674360E-5	1.105330E+2	1.177470E+2	1.320002E+3
1.105520E+2	9.996500E-3	1.469370E-4	-1.000370E-2	5.443100E-5	1.105790E+2	1.180370E+2	1.324000E+3
1.105970E+2	9.996410E-3	1.449350E-4	-1.000370E-2	5.364420E-5	1.106270E+2	1.183230E+2	1.328000E+3
1.106530E+2	9.996490E-3	1.445770E-4	-1.000360E-2	5.328660E-5	1.106830E+2	1.186010E+2	1.332040E+3
1.107110E+2	9.996440E-3	1.452680E-4	-1.000360E-2	5.693440E-5	1.107420E+2	1.188740E+2	1.336012E+3
1.107710E+2	9.996410E-3	1.459120E-4	-1.000360E-2	5.757810E-5	1.108060E+2	1.191500E+2	1.340005E+3
1.108380E+2	9.996380E-3	1.456020E-4	-1.000360E-2	5.540850E-5	1.108740E+2	1.194290E+2	1.344002E+3
1.109070E+2	9.996330E-3	1.479860E-4	-1.000360E-2	5.559920E-5	1.109450E+2	1.197040E+2	1.348041E+3
1.109800E+2	9.996250E-3	1.430270E-4	-1.000360E-2	5.440710E-5	1.110190E+2	1.199800E+2	1.352001E+3
1.110590E+2	9.996290E-3	1.451250E-4	-1.000360E-2	5.497930E-5	1.110990E+2	1.202510E+2	1.356002E+3
1.111380E+2	9.996320E-3	1.488210E-4	-1.000360E-2	5.629060E-5	1.111810E+2	1.205140E+2	1.360001E+3
1.112210E+2	9.996280E-3	1.464130E-4	-1.000360E-2	5.548000E-5	1.112670E+2	1.207760E+2	1.364042E+3
1.116000E+2	9.996290E-3	1.467230E-4	-1.000370E-2	5.209450E-5	1.131050E+2	1.210400E+2	1.368001E+3
1.139380E+2	9.996390E-3	1.451020E-4	-1.000370E-2	5.409720E-5	1.146740E+2	1.213030E+2	1.372013E+3
1.153170E+2	9.996390E-3	1.429080E-4	-1.000360E-2	5.393030E-5	1.159660E+2	1.215620E+2	1.376005E+3
1.165560E+2	9.996570E-3	1.431940E-4	-1.000360E-2	5.278590E-5	1.171550E+2	1.218210E+2	1.380040E+3
1.177090E+2	9.996580E-3	1.414060E-4	-1.000350E-2	4.901890E-5	1.182810E+2	1.220790E+2	1.384002E+3
1.188080E+2	9.996330E-3	1.422410E-4	-1.000360E-2	4.539490E-5	1.193470E+2	1.223240E+2	1.388002E+3
1.198520E+2	9.996410E-3	1.414060E-4	-1.000370E-2	4.701610E-5	1.203770E+2	1.225650E+2	1.392002E+3
1.205870E+2	9.996250E-3	1.377820E-4	-1.000370E-2	4.379750E-5	1.210490E+2	1.228080E+2	1.396041E+3
1.210710E+2	9.996370E-3	1.402380E-4	-1.000380E-2	4.177090E-5	1.212710E+2	1.230630E+2	1.400001E+3
1.217350E+2	9.996360E-3	1.399990E-4	-1.000380E-2	4.146100E-5	1.220570E+2	1.233160E+2	1.404001E+3
1.222830E+2	9.996350E-3	1.381400E-4	-1.000360E-2	4.312990E-5	1.224240E+2	1.235640E+2	1.408014E+3
1.222840E+2	9.996330E-3	1.391890E-4	-1.000370E-2	3.955360E-5	1.225360E+2	1.238180E+2	1.412045E+3
1.229560E+2	9.996440E-3	1.405000E-4	-1.000370E-2	4.181860E-5	1.227990E+2	1.240700E+2	1.416001E+3
1.226810E+2	9.996410E-3	1.390460E-4	-1.000370E-2	4.036430E-5	1.225850E+2	1.243260E+2	1.420001E+3
1.223230E+2	9.996350E-3	1.421690E-4	-1.000370E-2	4.212860E-5	1.221830E+2	1.245740E+2	1.424001E+3
1.220850E+2	9.996360E-3	1.416920E-4	-1.000370E-2	4.186630E-5	1.220020E+2	1.248320E+2	1.428045E+3
1.219360E+2	9.996370E-3	1.445290E-4	-1.000360E-2	4.701610E-5	1.218760E+2	1.250920E+2	1.432002E+3
1.218250E+2	9.996430E-3	1.445770E-4	-1.000360E-2	4.324910E-5	1.217810E+2	1.253440E+2	1.436001E+3
1.217430E+2	9.996460E-3	1.445530E-4	-1.000370E-2	4.508500E-5	1.217110E+2	1.255890E+2	1.440000E+3
1.216830E+2	9.996460E-3	1.463410E-4	-1.000360E-2	4.713540E-5	1.216610E+2	1.258370E+2	1.444040E+3
1.216380E+2	9.996380E-3	1.451970E-4	-1.000360E-2	4.625320E-5	1.216190E+2	1.260840E+2	1.448005E+3
1.216110E+2	9.996460E-3	1.481290E-4	-1.000360E-2	4.708770E-5	1.215990E+2	1.262720E+2	1.451100E+3
1.226370E+2	9.996470E-3	1.471520E-4	-1.000360E-2	4.889970E-5	1.236300E+2	1.265120E+2	1.455002E+3
1.242900E+2	9.996520E-3	1.482960E-4	-1.000370E-2	4.613400E-5	1.249030E+2	1.267520E+2	1.459001E+3
1.254510E+2	9.996390E-3	1.456980E-4	-1.000370E-2	4.816060E-5	1.260030E+2	1.269850E+2	1.463002E+3
1.265070E+2	9.996280E-3	1.437660E-4	-1.000370E-2	4.162790E-5	1.270260E+2	1.272210E+2	1.467001E+3
1.275010E+2	9.996350E-3	1.443860E-4	-1.000380E-2	3.769400E-5	1.279920E+2	1.274590E+2	1.471014E+3
1.284460E+2	9.996310E-3	1.440290E-4	-1.000370E-2	4.212860E-5	1.289190E+2	1.276950E+2	1.475005E+3
1.293580E+2	9.996270E-3	1.442670E-4	-1.000370E-2	4.167560E-5	1.298120E+2	1.279390E+2	1.479003E+3
1.302300E+2	9.996240E-3	1.455310E-4	-1.000370E-2	3.955360E-5	1.306710E+2	1.281780E+2	1.483002E+3
1.310820E+2	9.996340E-3	1.411200E-4	-1.000370E-2	3.700260E-5	1.315120E+2	1.284180E+2	1.487001E+3
1.319100E+2	9.996230E-3	1.465560E-4	-1.000370E-2	3.294940E-5	1.323260E+2	1.286590E+2	1.491002E+3
1.327150E+2	9.996360E-3	1.392840E-4	-1.000360E-2	3.590580E-5	1.331240E+2	1.289030E+2	1.495001E+3
1.335020E+2	9.996370E-3	1.414300E-4	-1.000360E-2	3.452300E-5	1.339000E+2	1.291320E+2	1.499001E+3
1.342780E+2	9.996270E-3	1.425500E-4	-1.000380E-2	3.349780E-5	1.346650E+2	1.293580E+2	1.503002E+3
1.350300E+2	9.996280E-3	1.404050E-4	-1.000380E-2	2.996920E-5	1.354130E+2	1.295790E+2	1.507014E+3
1.357730E+2	9.996370E-3	1.385450E-4	-1.000360E-2	2.975460E-5	1.361460E+2	1.298130E+2	1.511005E+3
1.364970E+2	9.996410E-3	1.365900E-4	-1.000380E-2	2.732280E-5	1.368680E+2	1.300430E+2	1.515001E+3
1.372190E+2	9.996390E-3	1.405240E-4	-1.000380E-2	2.667900E-5	1.375790E+2	1.302800E+2	1.519003E+3
1.379200E+2	9.996330E-3	1.385690E-4	-1.000370E-2	2.596380E-5	1.382760E+2	1.305080E+2	1.523001E+3
1.386080E+2	9.996320E-3	1.389740E-4	-1.000360E-2	2.551080E-5	1.389620E+2	1.307290E+2	1.527002E+3
1.392910E+2	9.996290E-3	1.390700E-4	-1.000360E-2	2.486710E-5	1.396280E+2	1.308180E+2	1.531001E+3
1.399400E+2	9.996290E-3	1.351360E-4	-1.000370E-2	2.534390E-5	1.402700E+2	1.307370E+2	1.535002E+3
1.405760E+2	9.996250E-3	1.387600E-4	-1.000360E-2	2.031330E-5	1.408920E+2	1.305130E+2	1.539002E+3
1.407580E+2	9.996450E-3	1.349450E-4	-1.000370E-2	2.391340E-5	1.410130E+2	1.302880E+2	1.543015E+3
1.412920E+2	9.996440E-3	1.363990E-4	-1.000360E-2	2.355580E-5	1.413290E+2	1.300870E+2	1.547005E+3
1.412390E+2	9.996520E-3	1.465080E-4	-1.000350E-2	2.217290E-5	1.415950E+2	1.299090E+2	1.551001E+3
1.418110E+2	9.996390E-3	1.333710E-4	-1.000360E-2	1.847740E-5	1.416730E+2	1.297690E+2	1.555002E+3
1.417510E+2	9.996320E-3	1.333240E-4	-1.000360E-2	1.945500E-5	1.421300E+2	1.296200E+2	1.559003E+3
1.419800E+2	9.996310E-3	1.354220E-4	-1.000370E-2	1.895430E-5	1.419340E+2	1.293720E+2	1.563002E+3
1.423870E+2	9.996290E-3	1.367090E-4	-1.000370E-2	2.005100E-5	1.424150E+2	1.290640E+2	1.567001E+3
1.422480E+2	9.996310E-3	1.376390E-4	-1.000360E-2	1.327990E-5	1.422110E+2	1.286930E+2	1.571003E+3
1.426180E+2	9.996320E-3	1.306770E-4	-1.000370E-2	1.738070E-5	1.426160E+2	1.282360E+2	1.575002E+3
1.424150E+2	9.996270E-3	1.323700E-4	-1.000380E-2	1.676080E-5	1.423480E+2	1.276000E+2	1.579014E+3
1.427330E+2	9.996330E-3	1.314640E-4	-1.000370E-2	1.723770E-5	1.426220E+2	1.267100E+2	1.583006E+3
1.425050E+2	9.996290E-3	1.340870E-4	-1.000370E-2	1.444820E-5	1.425270E+2	1.255940E+2	1.587002E+3
1.427540E+2	9.996250E-3	1.343730E-4	-1.000380E-2	1.378060E-5	1.428090E+2	1.243750E+2	1.591002E+3
1.424920E+2	9.996250E-3	1.286270E-4	-1.000370E-2	1.273160E-5	1.425540E+2	1.231400E+2	1.595001E+3
1.427530E+2	9.996320E-3	1.295570E-4	-1.000370E-2	1.027580E-5	1.427660E+2	1.218660E+2	1.599000E+3
1.424150E+2	9.996420E-3	1.292470E-4	-1.000360E-2	9.727480E-6	1.426780E+2	1.205850E+2	1.603003E+3
1.427640E+2	9.996310E-3	1.271720E-4	-1.000370E-2	8.964540E-6	1.425910E+2	1.193030E+2	1.607002E+3
1.424250E+2	9.996240E-3	1.241680E-4	-1.000380E-2	7.581710E-6	1.425440E+2	1.180120E+2	1.611001E+3
1.426930E+2	9.996390E-3	1.351360E-4	-1.000380E-2	9.393690E-6	1.424600E+2	1.166900E+2	1.615015E+3
1.423130E+2	9.996390E-3	1.229050E-4	-1.000380E-2	5.149840E-6	1.425080E+2	1.153540E+2	1.619006E+3
1.424190E+2	9.996270E-3	1.227860E-4	-1.000400E-2	5.269050E-6	1.422090E+2	1.140460E+2	1.623002E+3
1.423480E+2	9.996340E-3	1.148220E-4	-1.000370E-2	2.741810E-6	1.424060E+2	1.127330E+2	1.627003E+3
1.421860E+2	9.996400E-3	1.208310E-4	-1.000370E-2	2.336500E-6	1.419390E+2	1.114220E+2	1.631001E+3
1.422570E+2	9.996390E-3	1.160380E-4	-1.000380E-2	-2.622600E-7	1.420670E+2	1.100990E+2	1.635002E+3
1.418640E+2	9.996250E-3	1.158000E-4	-1.000370E-2	-5.960460E-7	1.419760E+2	1.087770E+2	1.639002E+3
1.419810E+2	9.996380E-3	1.142740E-4	-1.000360E-2	-4.553790E-6	1.417440E+2	1.074970E+2	1.643001E+3
1.416450E+2	9.996240E-3	1.104590E-4	-1.000370E-2	-1.692770E-6	1.418130E+2	1.065080E+2	1.647002E+3
1.416080E+2	9.996360E-3	1.112220E-4	-1.000370E-2	-3.004070E-6	1.415100E+2	1.058970E+2	1.651014E+3
1.417060E+2	9.996310E-3	1.123430E-4	-1.000370E-2	-1.335140E-6	1.415390E+2	1.055110E+2	1.655006E+3
1.414000E+2	9.996350E-3	1.140590E-4	-1.000360E-2	-1.788140E-6	1.415770E+2	1.052440E+2	1.659002E+3
1.414890E+2	9.996360E-3	1.138210E-4	-1.000360E-2	-1.549720E-6	1.411850E+2	1.050390E+2	1.663001E+3
1.414960E+2	9.996640E-3	1.254560E-4	-1.000360E-2	1.573560E-6	1.412040E+2	1.048820E+2	1.667001E+3
1.413900E+2	9.996320E-3	1.184460E-4	-1.000350E-2	1.597400E-6	1.412870E+2	1.047680E+2	1.671003E+3
1.410580E+2	9.996340E-3	1.195910E-4	-1.000370E-2	2.384190E-7	1.413040E+2	1.046840E+2	1.675003E+3
1.410760E+2	9.996340E-3	1.178030E-4	-1.000360E-2	1.001360E-6	1.411660E+2	1.046320E+2	1.679001E+3
1.411950E+2	9.996410E-3	1.144170E-4	-1.000370E-2	3.433230E-6	1.410410E+2	1.046130E+2	1.683002E+3
1.410840E+2	9.996350E-3	1.161580E-4	-1.000370E-2	3.647800E-6	1.410960E+2	1.046210E+2	1.687015E+3
1.408470E+2	9.996300E-3	1.192810E-4	-1.000370E-2	2.884860E-6	1.411070E+2	1.046430E+2	1.691005E+3
1.409200E+2	9.996300E-3	1.183030E-4	-1.000360E-2	2.670290E-6	1.409470E+2	1.046850E+2	1.695003E+3
1.409730E+2	9.996410E-3	1.174690E-4	-1.000370E-2	3.790860E-6	1.408270E+2	1.047430E+2	1.699002E+3
1.410420E+2	9.996250E-3	1.159670E-4	-1.000360E-2	6.675720E-7	1.409000E+2	1.048190E+2	1.703001E+3
1.408150E+2	9.996320E-3	1.186850E-4	-1.000360E-2	6.055830E-6	1.409970E+2	1.049000E+2	1.707002E+3
1.408340E+2	9.996430E-3	1.180890E-4	-1.000360E-2	1.001360E-6	1.407950E+2	1.049970E+2	1.711002E+3
1.409080E+2	9.996320E-3	1.170400E-4	-1.000340E-2	6.914140E-7	1.407380E+2	1.050720E+2	1.715001E+3
1.409380E+2	9.996420E-3	1.167770E-4	-1.000360E-2	4.649160E-6	1.407080E+2	1.050680E+2	1.719002E+3
1.408900E+2	9.996380E-3	1.158000E-4	-1.000350E-2	4.315380E-6	1.408150E+2	1.050870E+2	1.723015E+3
1.405990E+2	9.996350E-3	1.185660E-4	-1.000360E-2	1.168250E-6	1.408410E+2	1.051280E+2	1.727007E+3
1.406220E+2	9.996290E-3	1.166110E-4	-1.000360E-2	5.722050E-7	1.408400E+2	1.051560E+2	1.731002E+3
1.406990E+2	9.996400E-3	1.168010E-4	-1.000360E-2	4.196170E-6	1.406350E+2	1.051700E+2	1.735001E+3
1.407830E+2	9.996330E-3	1.169200E-4	-1.000360E-2	1.025200E-6	1.405500E+2	1.051970E+2	1.739002E+3
1.407900E+2	9.996340E-3	1.152520E-4	-1.000370E-2	3.075600E-6	1.405180E+2	1.052010E+2	1.743002E+3
1.407570E+2	9.996340E-3	1.145840E-4	-1.000350E-2	-1.168250E-6	1.406070E+2	1.051940E+2	1.747003E+3
1.406630E+2	9.996320E-3	1.164670E-4	-1.000370E-2	2.002720E-6	1.406870E+2	1.051760E+2	1.751003E+3
1.405380E+2	9.996340E-3	1.144410E-4	-1.000380E-2	4.458430E-6	1.407390E+2	1.051470E+2	1.755003E+3
1.406060E+2	9.996450E-3	1.242640E-4	-1.000370E-2	2.670290E-6	1.405540E+2	1.051080E+2	1.759016E+3
1.406840E+2	9.996370E-3	1.166580E-4	-1.000360E-2	3.337860E-7	1.405610E+2	1.050620E+2	1.763007E+3
1.406770E+2	9.996410E-3	1.174210E-4	-1.000360E-2	6.914140E-7	1.406470E+2	1.050050E+2	1.767002E+3
1.404940E+2	9.996260E-3	1.168010E-4	-1.000380E-2	3.576280E-6	1.407020E+2	1.049400E+2	1.771002E+3
1.405610E+2	9.996190E-3	1.177550E-4	-1.000380E-2	2.193450E-6	1.405230E+2	1.048690E+2	1.775002E+3
1.405420E+2	9.996310E-3	1.166820E-4	-1.000370E-2	8.344650E-7	1.405360E+2	1.047880E+2	1.779004E+3
1.405770E+2	9.996290E-3	1.193050E-4	-1.000360E-2	9.059910E-7	1.404240E+2	1.046930E+2	1.783002E+3
1.406040E+2	9.996300E-3	1.169680E-4	-1.000370E-2	3.504750E-6	1.404490E+2	1.043750E+2	1.787003E+3
1.405730E+2	9.996190E-3	1.170160E-4	-1.000370E-2	3.576280E-6	1.404270E+2	1.038080E+2	1.791001E+3
1.405200E+2	9.996200E-3	1.153950E-4	-1.000370E-2	1.311300E-6	1.403730E+2	1.032000E+2	1.795016E+3
1.404870E+2	9.996280E-3	1.148700E-4	-1.000370E-2	4.529950E-7	1.403490E+2	1.025870E+2	1.799008E+3
1.404180E+2	9.996290E-3	1.143930E-4	-1.000370E-2	5.960460E-7	1.402710E+2	1.019430E+2	1.803002E+3
1.403720E+2	9.996320E-3	1.128910E-4	-1.000370E-2	-4.291530E-7	1.402330E+2	1.012560E+2	1.807003E+3
1.403150E+2	9.996340E-3	1.117470E-4	-1.000370E-2	-3.123280E-6	1.401140E+2	1.005660E+2	1.811004E+3
1.402090E+2	9.996250E-3	1.122710E-4	-1.000370E-2	-5.412100E-6	1.402250E+2	9.996900E+1	1.815003E+3
1.399600E+2	9.996190E-3	1.107690E-4	-1.000370E-2	-2.551080E-6	1.400660E+2	9.931700E+1	1.819004E+3
1.400710E+2	9.996250E-3	1.108410E-4	-1.000370E-2	-9.059910E-7	1.400470E+2	9.866700E+1	1.823002E+3
1.400250E+2	9.996290E-3	1.102450E-4	-1.000370E-2	-3.194810E-6	1.399820E+2	9.798700E+1	1.827003E+3
1.399430E+2	9.996240E-3	1.070260E-4	-1.000370E-2	-7.176400E-6	1.398900E+2	9.730200E+1	1.831015E+3
1.398330E+2	9.996270E-3	1.093630E-4	-1.000370E-2	-3.957750E-6	1.397610E+2	9.657800E+1	1.835007E+3
1.396980E+2	9.996310E-3	1.084570E-4	-1.000360E-2	-5.960460E-6	1.396240E+2	9.589800E+1	1.839003E+3
1.395490E+2	9.996220E-3	1.086470E-4	-1.000370E-2	-7.939340E-6	1.394670E+2	9.524300E+1	1.843003E+3
1.393820E+2	9.996420E-3	1.068350E-4	-1.000390E-2	-9.059910E-6	1.392920E+2	9.461100E+1	1.847002E+3
1.392050E+2	9.996200E-3	1.078130E-4	-1.000380E-2	-6.675720E-6	1.391020E+2	9.396500E+1	1.851004E+3
1.390070E+2	9.996340E-3	1.055240E-4	-1.000380E-2	-8.988380E-6	1.388990E+2	9.329900E+1	1.855003E+3
1.388010E+2	9.996390E-3	1.037840E-4	-1.000370E-2	-7.295610E-6	1.386820E+2	9.262300E+1	1.859002E+3
1.385670E+2	9.996290E-3	1.046660E-4	-1.000370E-2	-7.128720E-6	1.384460E+2	9.191700E+1	1.863003E+3
1.383300E+2	9.996330E-3	1.087670E-4	-1.000370E-2	-7.677080E-6	1.381970E+2	9.121600E+1	1.867017E+3
1.380770E+2	9.996280E-3	1.032830E-4	-1.000370E-2	-7.057190E-6	1.379400E+2	9.050700E+1	1.871008E+3
1.378060E+2	9.996320E-3	1.045700E-4	-1.000370E-2	-3.528600E-6	1.376620E+2	8.975300E+1	1.875002E+3
1.375170E+2	9.996360E-3	1.040940E-4	-1.000380E-2	-8.654590E-6	1.373660E+2	8.898400E+1	1.879003E+3
1.372140E+2	9.996260E-3	1.037840E-4	-1.000380E-2	-8.273120E-6	1.370500E+2	8.820700E+1	1.883003E+3
1.368940E+2	9.996250E-3	1.015900E-4	-1.000390E-2	-6.532670E-6	1.367190E+2	8.740600E+1	1.887004E+3
1.365420E+2	9.996340E-3	1.046180E-4	-1.000380E-2	-9.155270E-6	1.363550E+2	8.660400E+1	1.891002E+3
1.361680E+2	9.996300E-3	9.069440E-5	-1.000380E-2	-2.312660E-5	1.359650E+2	8.535900E+1	1.895003E+3
1.357550E+2	9.996240E-3	9.043220E-5	-1.000370E-2	-2.541540E-5	1.354960E+2	8.350800E+1	1.899003E+3
1.350360E+2	9.996300E-3	8.525850E-5	-1.000370E-2	-2.357960E-5	1.343400E+2	8.224300E+1	1.903017E+3
1.336360E+2	9.996370E-3	8.106230E-5	-1.000370E-2	-2.605920E-5	1.328900E+2	8.155300E+1	1.907008E+3
1.322270E+2	9.996190E-3	8.039470E-5	-1.000370E-2	-2.892020E-5	1.315700E+2	8.105500E+1	1.911002E+3
1.309770E+2	9.996380E-3	8.831020E-5	-1.000360E-2	-2.791880E-5	1.303870E+2	8.068100E+1	1.915003E+3
1.298320E+2	9.996340E-3	7.669930E-5	-1.000370E-2	-2.717970E-5	1.291900E+2	8.041400E+1	1.919004E+3
1.285080E+2	9.996310E-3	8.466240E-5	-1.000360E-2	-1.916890E-5	1.276500E+2	8.028400E+1	1.923004E+3
1.266170E+2	9.996320E-3	-2.372260E-5	-1.000360E-2	1.683240E-5	1.252880E+2	8.026900E+1	1.927003E+3
1.239590E+2	9.996330E-3	7.996560E-5	-1.000360E-2	1.229520E-4	1.225280E+2	8.017000E+1	1.931003E+3
1.211620E+2	9.996310E-3	9.081360E-5	-1.000360E-2	1.279830E-4	1.196930E+2	8.008000E+1	1.935003E+3
1.182690E+2	9.996250E-3	8.773800E-5	-1.000370E-2	1.225230E-4	1.167550E+2	8.001000E+1	1.939016E+3
1.152020E+2	9.996280E-3	8.513930E-5	-1.000370E-2	1.197810E-4	1.130990E+2	7.998000E+1	1.943007E+3
1.099920E+2	9.996340E-3	8.401870E-5	-1.000370E-2	1.185890E-4	1.074020E+2	8.006300E+1	1.947002E+3
1.058200E+2	9.996280E-3	8.251670E-5	-1.000370E-2	1.177310E-4	1.043250E+2	8.006800E+1	1.951004E+3
1.028660E+2	9.996300E-3	7.705690E-5	-1.000380E-2	1.126770E-4	1.016620E+2	8.004500E+1	1.955004E+3
1.007220E+2	9.996270E-3	8.068080E-5	-1.000370E-2	1.177550E-4	9.988200E+1	8.003700E+1	1.959004E+3
9.920100E+1	9.996170E-3	8.184910E-5	-1.000370E-2	1.159430E-4	9.854900E+1	8.005800E+1	1.963003E+3
9.801900E+1	9.996270E-3	7.376670E-5	-1.000370E-2	1.102920E-4	9.754500E+1	8.008000E+1	1.967003E+3
9.715700E+1	9.996270E-3	7.669930E-5	-1.000360E-2	1.116510E-4	9.669300E+1	8.009900E+1	1.971005E+3
9.623300E+1	9.996310E-3	8.058550E-5	-1.000360E-2	1.143930E-4	9.576800E+1	8.010200E+1	1.975016E+3
9.531600E+1	9.996300E-3	8.685590E-5	-1.000370E-2	1.140830E-4	9.484100E+1	8.009700E+1	1.979006E+3
9.442000E+1	9.996350E-3	9.002690E-5	-1.000360E-2	1.146550E-4	9.399700E+1	8.006400E+1	1.983002E+3
9.358600E+1	9.996280E-3	8.280280E-5	-1.000370E-2	1.159910E-4	9.315300E+1	8.003800E+1	1.987003E+3
9.276800E+1	9.996310E-3	7.863050E-5	-1.000380E-2	1.140590E-4	9.240600E+1	8.003000E+1	1.991003E+3
9.207000E+1	9.996200E-3	8.161070E-5	-1.000380E-2	1.183990E-4	9.173300E+1	8.005200E+1	1.995003E+3
9.140700E+1	9.996160E-3	7.987020E-5	-1.000370E-2	1.140830E-4	9.110400E+1	8.004700E+1	1.999003E+3
9.082600E+1	9.996250E-3	7.913110E-5	-1.000370E-2	1.131770E-4	9.055200E+1	8.003600E+1	2.003004E+3
9.030200E+1	9.996250E-3	7.989410E-5	-1.000370E-2	1.160860E-4	9.004700E+1	8.001000E+1	2.007004E+3
8.981800E+1	9.996310E-3	7.939340E-5	-1.000370E-2	1.167300E-4	8.957600E+1	7.999100E+1	2.011017E+3
8.934500E+1	9.996200E-3	7.715230E-5	-1.000360E-2	1.116510E-4	8.910700E+1	7.998000E+1	2.015008E+3
8.890000E+1	9.996340E-3	7.555480E-5	-1.000360E-2	1.123190E-4	8.872000E+1	7.996800E+1	2.019004E+3
8.853300E+1	9.996310E-3	8.001330E-5	-1.000360E-2	1.112940E-4	8.835000E+1	7.998000E+1	2.023003E+3
8.822700E+1	9.996410E-3	7.722380E-5	-1.000360E-2	1.100540E-4	8.810100E+1	7.999400E+1	2.027004E+3
8.801700E+1	9.996390E-3	7.674690E-5	-1.000370E-2	1.140830E-4	8.791200E+1	8.003600E+1	2.031004E+3
8.781800E+1	9.996370E-3	8.182530E-5	-1.000380E-2	1.159670E-4	8.773200E+1	8.006700E+1	2.035003E+3
8.764600E+1	9.996330E-3	7.739070E-5	-1.000380E-2	1.135110E-4	8.757200E+1	8.009000E+1	2.039003E+3
8.749800E+1	9.996220E-3	7.507800E-5	-1.000380E-2	1.136780E-4	8.741400E+1	8.009300E+1	2.043003E+3
8.734000E+1	9.996340E-3	7.853510E-5	-1.000380E-2	1.171590E-4	8.726200E+1	8.008500E+1	2.047018E+3
8.718400E+1	9.996310E-3	7.941720E-5	-1.000380E-2	1.173970E-4	8.710900E+1	8.005900E+1	2.051008E+3
8.702000E+1	9.996230E-3	7.803440E-5	-1.000390E-2	1.113180E-4	8.691300E+1	8.002400E+1	2.055003E+3
8.683900E+1	9.996280E-3	8.108620E-5	-1.000370E-2	1.149650E-4	8.675700E+1	8.000000E+1	2.059004E+3
8.663400E+1	9.996310E-3	8.168220E-5	-1.000380E-2	1.186370E-4	8.657200E+1	7.998400E+1	2.063005E+3
8.652100E+1	9.996390E-3	7.820130E-5	-1.000360E-2	1.140360E-4	8.643800E+1	7.997500E+1	2.067004E+3
8.634600E+1	9.996320E-3	7.889270E-5	-1.000350E-2	1.157760E-4	8.629500E+1	7.997400E+1	2.071003E+3
8.622600E+1	9.996390E-3	8.122920E-5	-1.000360E-2	1.154420E-4	8.616700E+1	7.997200E+1	2.075004E+3
8.613300E+1	9.996280E-3	7.789140E-5	-1.000370E-2	1.133920E-4	8.606000E+1	7.997900E+1	2.079004E+3
8.600700E+1	9.996300E-3	7.979870E-5	-1.000360E-2	1.157280E-4	8.597300E+1	7.997800E+1	2.083017E+3
8.591200E+1	9.996310E-3	7.908340E-5	-1.000370E-2	1.140830E-4	8.587200E+1	7.998200E+1	2.087007E+3
8.585800E+1	9.996360E-3	7.750990E-5	-1.000360E-2	1.155610E-4	8.581000E+1	7.998500E+1	2.091004E+3
8.578300E+1	9.996360E-3	7.679460E-5	-1.000360E-2	1.132010E-4	8.575500E+1	7.999300E+1	2.095004E+3
8.572400E+1	9.996290E-3	7.903580E-5	-1.000380E-2	1.103160E-4	8.573400E+1	8.000400E+1	2.099005E+3
8.574000E+1	9.996270E-3	8.099080E-5	-1.000390E-2	1.149650E-4	8.574000E+1	8.003900E+1	2.103003E+3
