The operator was: Angelo Bossi
The sample measure was: Cable
The sample was biased using: 10E-3 Amps
Comments:
test run to see how the program works

Tbefore	        I+	        V+	        I-	        V-	        Tafter	        Tbase	        Time
8.571500E+1	9.996280E-3	7.615090E-5	-1.000360E-2	1.126290E-4	8.568800E+1	7.999700E+1	1.499900E+1
8.561400E+1	9.996490E-3	8.540150E-5	-1.000360E-2	1.143690E-4	8.556900E+1	7.996800E+1	1.900000E+1
8.551400E+1	9.996440E-3	8.804800E-5	-1.000360E-2	1.144890E-4	8.549500E+1	7.996400E+1	2.209700E+1
8.546900E+1	9.996470E-3	7.722380E-5	-1.000370E-2	1.121760E-4	8.546000E+1	7.998900E+1	2.599900E+1
8.545300E+1	9.996420E-3	7.698540E-5	-1.000370E-2	1.159670E-4	8.548900E+1	8.001500E+1	3.003600E+1
8.548100E+1	9.996340E-3	7.755760E-5	-1.000370E-2	1.156570E-4	8.550000E+1	8.004200E+1	3.407700E+1
8.551000E+1	9.996190E-3	7.905960E-5	-1.000360E-2	1.178030E-4	8.559800E+1	8.086200E+1	3.699900E+1
8.567900E+1	9.996440E-3	7.476810E-5	-1.000350E-2	1.130340E-4	8.574100E+1	8.148600E+1	4.099900E+1
8.591500E+1	9.996370E-3	7.851120E-5	-1.000350E-2	1.147750E-4	8.617300E+1	8.193400E+1	4.500000E+1
8.638300E+1	9.996290E-3	7.760520E-5	-1.000360E-2	1.144650E-4	8.654700E+1	8.240700E+1	4.900000E+1
8.666100E+1	9.996520E-3	9.114740E-5	-1.000360E-2	1.143930E-4	8.676700E+1	8.287500E+1	5.299900E+1
8.687000E+1	9.996360E-3	7.791520E-5	-1.000360E-2	1.156570E-4	8.694200E+1	8.332800E+1	5.701200E+1
8.700800E+1	9.996350E-3	7.898810E-5	-1.000370E-2	1.170400E-4	8.707200E+1	8.368400E+1	6.100400E+1
8.713200E+1	9.996450E-3	8.113380E-5	-1.000370E-2	1.209260E-4	8.719500E+1	8.403700E+1	6.500000E+1
8.726400E+1	9.996300E-3	8.325580E-5	-1.000370E-2	1.227620E-4	8.735300E+1	8.440000E+1	6.900000E+1
8.744200E+1	9.996260E-3	8.120540E-5	-1.000370E-2	1.167060E-4	8.752200E+1	8.473900E+1	7.300000E+1
8.759500E+1	9.996120E-3	8.323190E-5	-1.000380E-2	1.220940E-4	8.767100E+1	8.507700E+1	7.699900E+1
8.773800E+1	9.996150E-3	8.528230E-5	-1.000380E-2	1.209970E-4	8.781800E+1	8.540900E+1	8.100000E+1
8.793000E+1	9.996290E-3	8.263590E-5	-1.000370E-2	1.200680E-4	8.806900E+1	8.577500E+1	8.500000E+1
8.821100E+1	9.996280E-3	8.721350E-5	-1.000370E-2	1.222850E-4	8.839500E+1	8.613200E+1	8.900000E+1
8.863100E+1	9.996300E-3	8.828640E-5	-1.000360E-2	1.199480E-4	8.894600E+1	8.649500E+1	9.301300E+1
8.930100E+1	9.996320E-3	8.511540E-5	-1.000360E-2	1.233580E-4	8.968500E+1	8.698600E+1	9.700400E+1
9.002900E+1	9.996460E-3	8.864400E-5	-1.000370E-2	1.217840E-4	9.043200E+1	8.740300E+1	1.010000E+2
9.079300E+1	9.996580E-3	8.587840E-5	-1.000360E-2	1.209970E-4	9.114800E+1	8.783400E+1	1.050000E+2
9.146400E+1	9.996510E-3	8.289810E-5	-1.000370E-2	1.245260E-4	9.177400E+1	8.827900E+1	1.089990E+2
9.205800E+1	9.996450E-3	8.523460E-5	-1.000380E-2	1.271960E-4	9.233500E+1	8.874400E+1	1.129990E+2
9.258700E+1	9.996470E-3	8.888250E-5	-1.000370E-2	1.232860E-4	9.283900E+1	8.925100E+1	1.170000E+2
9.306700E+1	9.996430E-3	8.957390E-5	-1.000370E-2	1.251220E-4	9.329600E+1	8.965500E+1	1.209990E+2
9.349900E+1	9.996550E-3	8.776190E-5	-1.000360E-2	1.232860E-4	9.370400E+1	8.989900E+1	1.250000E+2
9.389300E+1	9.996280E-3	8.862020E-5	-1.000350E-2	1.224520E-4	9.408600E+1	9.009800E+1	1.290130E+2
9.425100E+1	9.996360E-3	8.904930E-5	-1.000360E-2	1.252410E-4	9.442700E+1	9.024100E+1	1.330050E+2
9.458800E+1	9.996360E-3	9.124280E-5	-1.000360E-2	1.282220E-4	9.475800E+1	9.031100E+1	1.370000E+2
9.491500E+1	9.996410E-3	8.933540E-5	-1.000360E-2	1.277210E-4	9.507000E+1	9.033100E+1	1.409990E+2
9.521800E+1	9.996280E-3	9.083750E-5	-1.000370E-2	1.273390E-4	9.536600E+1	9.030800E+1	1.450000E+2
9.550000E+1	9.996320E-3	9.105210E-5	-1.000370E-2	1.294850E-4	9.563500E+1	9.028000E+1	1.489990E+2
9.576500E+1	9.996270E-3	9.028910E-5	-1.000380E-2	1.230480E-4	9.588800E+1	9.025500E+1	1.529990E+2
9.599500E+1	9.996260E-3	9.028910E-5	-1.000380E-2	1.281500E-4	9.611100E+1	9.022000E+1	1.570010E+2
9.621100E+1	9.996300E-3	9.148120E-5	-1.000370E-2	1.297470E-4	9.631500E+1	9.019500E+1	1.609990E+2
9.640700E+1	9.996310E-3	9.412770E-5	-1.000370E-2	1.289840E-4	9.650200E+1	9.017200E+1	1.650120E+2
9.658700E+1	9.996290E-3	9.410380E-5	-1.000380E-2	1.262430E-4	9.667500E+1	9.016600E+1	1.690030E+2
9.675400E+1	9.996310E-3	9.045600E-5	-1.000370E-2	1.291280E-4	9.683400E+1	9.019400E+1	1.730000E+2
9.690900E+1	9.996210E-3	9.286400E-5	-1.000380E-2	1.258370E-4	9.698200E+1	9.025200E+1	1.770000E+2
9.704800E+1	9.996320E-3	9.324550E-5	-1.000370E-2	1.244780E-4	9.711800E+1	9.033400E+1	1.810000E+2
9.717900E+1	9.996360E-3	9.670260E-5	-1.000370E-2	1.292230E-4	9.724400E+1	9.042700E+1	1.850010E+2
9.730200E+1	9.996240E-3	9.315010E-5	-1.000380E-2	1.283650E-4	9.736100E+1	9.055200E+1	1.890000E+2
9.741600E+1	9.996280E-3	9.465220E-5	-1.000360E-2	1.250980E-4	9.747200E+1	9.070600E+1	1.929990E+2
9.752000E+1	9.996360E-3	9.069440E-5	-1.000360E-2	1.275780E-4	9.757300E+1	9.087700E+1	1.970000E+2
9.762400E+1	9.996330E-3	9.150510E-5	-1.000370E-2	1.267670E-4	9.768200E+1	9.106300E+1	2.010120E+2
9.773000E+1	9.996370E-3	9.496210E-5	-1.000360E-2	1.277210E-4	9.778400E+1	9.127600E+1	2.050040E+2
9.782800E+1	9.996300E-3	9.148120E-5	-1.000370E-2	1.291990E-4	9.787900E+1	9.151200E+1	2.090000E+2
9.792500E+1	9.996280E-3	9.350780E-5	-1.000370E-2	1.276490E-4	9.797600E+1	9.177000E+1	2.129990E+2
9.802400E+1	9.996180E-3	9.384160E-5	-1.000370E-2	1.279830E-4	9.806900E+1	9.203700E+1	2.170000E+2
9.812000E+1	9.996270E-3	9.362700E-5	-1.000380E-2	1.257420E-4	9.816400E+1	9.232400E+1	2.210010E+2
9.820800E+1	9.996340E-3	9.562970E-5	-1.000380E-2	1.276250E-4	9.826000E+1	9.262300E+1	2.250000E+2
9.830400E+1	9.996180E-3	9.453300E-5	-1.000380E-2	1.310110E-4	9.835000E+1	9.293600E+1	2.289990E+2
9.839500E+1	9.996270E-3	9.329320E-5	-1.000370E-2	1.319410E-4	9.844400E+1	9.326400E+1	2.329990E+2
9.849100E+1	9.996260E-3	9.574890E-5	-1.000380E-2	1.304630E-4	9.853900E+1	9.359600E+1	2.370140E+2
9.858600E+1	9.996120E-3	9.500980E-5	-1.000380E-2	1.303430E-4	9.864100E+1	9.393200E+1	2.410040E+2
9.869000E+1	9.996170E-3	9.310250E-5	-1.000380E-2	1.278400E-4	9.874300E+1	9.428000E+1	2.450000E+2
9.879500E+1	9.996140E-3	1.059530E-4	-1.000380E-2	1.298900E-4	9.885100E+1	9.463200E+1	2.490010E+2
9.890800E+1	9.996180E-3	9.655950E-5	-1.000380E-2	1.347060E-4	9.897200E+1	9.498700E+1	2.530000E+2
9.903500E+1	9.996210E-3	9.493830E-5	-1.000380E-2	1.321550E-4	9.910500E+1	9.534400E+1	2.570010E+2
9.916900E+1	9.996180E-3	9.796620E-5	-1.000380E-2	1.319170E-4	9.921100E+1	9.563200E+1	2.601150E+2
9.928300E+1	9.996190E-3	9.598730E-5	-1.000380E-2	1.329660E-4	9.937200E+1	9.728800E+1	2.640130E+2
9.946700E+1	9.996310E-3	9.543900E-5	-1.000370E-2	1.327040E-4	9.957200E+1	9.823700E+1	2.680040E+2
9.967400E+1	9.996290E-3	9.562970E-5	-1.000350E-2	1.307010E-4	9.979900E+1	9.900800E+1	2.720360E+2
9.992100E+1	9.996330E-3	9.694100E-5	-1.000360E-2	1.330850E-4	1.000600E+2	9.957300E+1	2.760000E+2
1.002040E+2	9.996290E-3	9.579660E-5	-1.000360E-2	1.326800E-4	1.003640E+2	9.995800E+1	2.800000E+2
1.005230E+2	9.996240E-3	9.906290E-5	-1.000370E-2	1.333950E-4	1.007080E+2	1.002070E+2	2.840010E+2
1.008950E+2	9.996260E-3	1.028300E-4	-1.000360E-2	1.332520E-4	1.010060E+2	1.003730E+2	2.880360E+2
1.010280E+2	9.996330E-3	9.906290E-5	-1.000370E-2	1.321320E-4	1.007920E+2	1.006110E+2	2.920000E+2
1.013280E+2	9.996150E-3	1.050000E-4	-1.000370E-2	1.334430E-4	1.011370E+2	1.008920E+2	2.960010E+2
1.015510E+2	9.996150E-3	1.095060E-4	-1.000370E-2	1.265050E-4	1.017810E+2	1.012080E+2	3.000130E+2
1.017190E+2	9.996180E-3	1.217600E-4	-1.000380E-2	1.173970E-4	1.016210E+2	1.015500E+2	3.040440E+2
1.022890E+2	9.996190E-3	1.350160E-4	-1.000380E-2	9.996890E-5	1.021870E+2	1.018980E+2	3.080000E+2
1.022810E+2	9.996310E-3	1.476050E-4	-1.000370E-2	8.988380E-5	1.025720E+2	1.022530E+2	3.120010E+2
1.028810E+2	9.996330E-3	1.513240E-4	-1.000360E-2	8.308890E-5	1.029840E+2	1.026040E+2	3.160000E+2
1.027520E+2	9.996320E-3	1.520870E-4	-1.000360E-2	7.913110E-5	1.031960E+2	1.029520E+2	3.200370E+2
1.035340E+2	9.996380E-3	1.490830E-4	-1.000370E-2	7.710460E-5	1.035230E+2	1.032960E+2	3.240010E+2
1.032250E+2	9.996360E-3	1.463170E-4	-1.000360E-2	7.152560E-5	1.035080E+2	1.036290E+2	3.280000E+2
1.038000E+2	9.996350E-3	1.459600E-4	-1.000370E-2	7.047650E-5	1.035480E+2	1.039620E+2	3.320000E+2
1.031170E+2	9.996340E-3	1.424070E-4	-1.000350E-2	6.875990E-5	1.027980E+2	1.042930E+2	3.360370E+2
1.026020E+2	9.996310E-3	1.456740E-4	-1.000360E-2	6.890300E-5	1.024310E+2	1.046110E+2	3.400050E+2
1.022930E+2	9.996280E-3	1.452920E-4	-1.000360E-2	6.427770E-5	1.021650E+2	1.049380E+2	3.440010E+2
1.020570E+2	9.996190E-3	1.437430E-4	-1.000360E-2	6.761550E-5	1.019510E+2	1.052710E+2	3.480000E+2
1.018650E+2	9.996280E-3	1.438380E-4	-1.000360E-2	6.780620E-5	1.017830E+2	1.056060E+2	3.520360E+2
1.017110E+2	9.996210E-3	1.405000E-4	-1.000370E-2	6.842610E-5	1.016430E+2	1.059290E+2	3.560010E+2
1.015820E+2	9.996230E-3	1.432660E-4	-1.000370E-2	6.542210E-5	1.015280E+2	1.062570E+2	3.600000E+2
1.014800E+2	9.996260E-3	1.441480E-4	-1.000370E-2	6.990430E-5	1.014340E+2	1.065820E+2	3.640010E+2
1.013990E+2	9.996310E-3	1.439570E-4	-1.000360E-2	6.706720E-5	1.013610E+2	1.069100E+2	3.680370E+2
1.013350E+2	9.996370E-3	1.444580E-4	-1.000360E-2	6.716250E-5	1.013070E+2	1.072250E+2	3.720130E+2
1.012850E+2	9.996290E-3	1.437430E-4	-1.000370E-2	6.852150E-5	1.012670E+2	1.075410E+2	3.760060E+2
1.012530E+2	9.996390E-3	1.410960E-4	-1.000370E-2	7.188320E-5	1.012400E+2	1.078500E+2	3.800000E+2
1.012320E+2	9.996420E-3	1.403570E-4	-1.000370E-2	6.737710E-5	1.012230E+2	1.081560E+2	3.840370E+2
1.012260E+2	9.996240E-3	1.444580E-4	-1.000360E-2	6.585120E-5	1.012270E+2	1.084650E+2	3.880010E+2
1.012300E+2	9.996320E-3	1.425980E-4	-1.000370E-2	6.775860E-5	1.012360E+2	1.087680E+2	3.920010E+2
1.012500E+2	9.996380E-3	1.423120E-4	-1.000360E-2	6.639960E-5	1.012570E+2	1.090720E+2	3.960020E+2
1.012730E+2	9.996320E-3	1.394750E-4	-1.000360E-2	6.611350E-5	1.012870E+2	1.093670E+2	4.000370E+2
1.013080E+2	9.996210E-3	1.413110E-4	-1.000360E-2	6.368160E-5	1.013290E+2	1.096600E+2	4.040000E+2
1.013550E+2	9.996390E-3	1.444820E-4	-1.000370E-2	6.382470E-5	1.013850E+2	1.099520E+2	4.080130E+2
1.014090E+2	9.996410E-3	1.408820E-4	-1.000370E-2	6.344320E-5	1.014450E+2	1.102400E+2	4.120050E+2
1.014760E+2	9.996310E-3	1.427650E-4	-1.000370E-2	6.127360E-5	1.015150E+2	1.105240E+2	4.160370E+2
1.015510E+2	9.996370E-3	1.414780E-4	-1.000360E-2	6.148820E-5	1.015920E+2	1.108130E+2	4.200000E+2
1.016310E+2	9.996440E-3	1.402850E-4	-1.000370E-2	6.296630E-5	1.016770E+2	1.110900E+2	4.240010E+2
1.017180E+2	9.996230E-3	1.421210E-4	-1.000380E-2	6.232260E-5	1.017660E+2	1.113640E+2	4.280010E+2
1.018140E+2	9.996260E-3	1.419070E-4	-1.000370E-2	6.186960E-5	1.018670E+2	1.116220E+2	4.320360E+2
1.019140E+2	9.996300E-3	1.402140E-4	-1.000380E-2	6.294250E-5	1.019470E+2	1.118290E+2	4.351260E+2
1.019970E+2	9.996230E-3	1.394990E-4	-1.000380E-2	6.303790E-5	1.020510E+2	1.128770E+2	4.390060E+2
1.021100E+2	9.996110E-3	1.390220E-4	-1.000380E-2	6.151200E-5	1.021720E+2	1.129170E+2	4.430690E+2
1.021970E+2	9.996170E-3	1.381160E-4	-1.000370E-2	6.229880E-5	1.022640E+2	1.140570E+2	4.460000E+2
1.023250E+2	9.996190E-3	1.405950E-4	-1.000360E-2	6.389620E-5	1.024010E+2	1.151130E+2	4.500010E+2
1.024680E+2	9.996100E-3	1.423600E-4	-1.000370E-2	6.291870E-5	1.025410E+2	1.159960E+2	4.540010E+2
1.026220E+2	9.996080E-3	1.398560E-4	-1.000380E-2	6.301400E-5	1.027050E+2	1.167970E+2	4.580000E+2
1.027880E+2	9.996180E-3	1.426220E-4	-1.000370E-2	6.177430E-5	1.028750E+2	1.175370E+2	4.620150E+2
1.029580E+2	9.996300E-3	1.419780E-4	-1.000370E-2	6.232260E-5	1.030610E+2	1.182710E+2	4.660060E+2
1.031540E+2	9.996280E-3	1.394510E-4	-1.000380E-2	6.306170E-5	1.032510E+2	1.189510E+2	4.700020E+2
1.033480E+2	9.996320E-3	1.428840E-4	-1.000380E-2	6.070140E-5	1.034510E+2	1.195100E+2	4.740010E+2
1.035520E+2	9.996390E-3	1.427410E-4	-1.000370E-2	6.341930E-5	1.036550E+2	1.199090E+2	4.780020E+2
1.037580E+2	9.996390E-3	1.422170E-4	-1.000380E-2	6.418230E-5	1.038680E+2	1.201740E+2	4.820030E+2
1.039700E+2	9.996330E-3	1.440530E-4	-1.000390E-2	6.077290E-5	1.040840E+2	1.203280E+2	4.860020E+2
1.041880E+2	9.996260E-3	1.445530E-4	-1.000370E-2	6.601810E-5	1.043080E+2	1.204100E+2	4.900010E+2
1.044120E+2	9.996290E-3	1.430990E-4	-1.000380E-2	6.473060E-5	1.045290E+2	1.204390E+2	4.940010E+2
1.046360E+2	9.996370E-3	1.458410E-4	-1.000370E-2	6.229880E-5	1.047520E+2	1.204750E+2	4.980130E+2
1.048640E+2	9.996160E-3	1.493930E-4	-1.000370E-2	6.589890E-5	1.049810E+2	1.205770E+2	5.020060E+2
1.050850E+2	9.996240E-3	1.458640E-4	-1.000390E-2	6.463530E-5	1.052070E+2	1.207120E+2	5.060020E+2
1.053150E+2	9.996240E-3	1.458410E-4	-1.000380E-2	5.900860E-5	1.054340E+2	1.208730E+2	5.100020E+2
1.055470E+2	9.996230E-3	1.453400E-4	-1.000370E-2	6.530280E-5	1.056650E+2	1.210450E+2	5.140000E+2
1.057730E+2	9.996350E-3	1.446250E-4	-1.000360E-2	6.189350E-5	1.058910E+2	1.212270E+2	5.180010E+2
1.059990E+2	9.996270E-3	1.461270E-4	-1.000360E-2	6.451610E-5	1.061190E+2	1.214180E+2	5.220010E+2
1.062260E+2	9.996290E-3	1.467230E-4	-1.000380E-2	6.175040E-5	1.063440E+2	1.215980E+2	5.260010E+2
1.064540E+2	9.996270E-3	1.464130E-4	-1.000390E-2	6.029610E-5	1.065710E+2	1.217820E+2	5.300020E+2
1.066800E+2	9.996260E-3	1.452680E-4	-1.000380E-2	5.984310E-5	1.067960E+2	1.219670E+2	5.340160E+2
1.069030E+2	9.996200E-3	1.454110E-4	-1.000370E-2	6.244180E-5	1.070210E+2	1.221490E+2	5.380060E+2
1.071360E+2	9.996190E-3	1.466040E-4	-1.000380E-2	5.865100E-5	1.072470E+2	1.223100E+2	5.420010E+2
1.073570E+2	9.996260E-3	1.455550E-4	-1.000380E-2	6.268020E-5	1.074700E+2	1.224570E+2	5.460010E+2
1.075790E+2	9.996330E-3	1.459360E-4	-1.000380E-2	6.043910E-5	1.076940E+2	1.226270E+2	5.500010E+2
1.078030E+2	9.996320E-3	1.460790E-4	-1.000380E-2	5.939010E-5	1.079140E+2	1.227980E+2	5.540010E+2
1.080240E+2	9.996310E-3	1.429320E-4	-1.000380E-2	6.361010E-5	1.081370E+2	1.229760E+2	5.580010E+2
1.082460E+2	9.996260E-3	1.436470E-4	-1.000370E-2	6.229880E-5	1.083560E+2	1.231370E+2	5.620010E+2
1.084670E+2	9.996130E-3	1.442430E-4	-1.000380E-2	5.681510E-5	1.085740E+2	1.232900E+2	5.660000E+2
1.086830E+2	9.996160E-3	1.471520E-4	-1.000380E-2	5.962850E-5	1.087950E+2	1.234480E+2	5.700160E+2
1.088960E+2	9.996180E-3	1.449350E-4	-1.000380E-2	6.010530E-5	1.090090E+2	1.236060E+2	5.740060E+2
1.091120E+2	9.996250E-3	1.459360E-4	-1.000380E-2	6.303790E-5	1.092250E+2	1.237660E+2	5.780010E+2
1.093270E+2	9.996280E-3	1.481060E-4	-1.000360E-2	5.962850E-5	1.094370E+2	1.239310E+2	5.820010E+2
1.095410E+2	9.996380E-3	1.475570E-4	-1.000370E-2	5.965230E-5	1.096490E+2	1.240950E+2	5.860010E+2
1.097510E+2	9.996320E-3	1.464370E-4	-1.000370E-2	5.691050E-5	1.098630E+2	1.242720E+2	5.900010E+2
1.099640E+2	9.996330E-3	1.484870E-4	-1.000380E-2	5.915170E-5	1.100710E+2	1.244480E+2	5.940010E+2
1.101700E+2	9.996280E-3	1.484390E-4	-1.000380E-2	5.867480E-5	1.102830E+2	1.246190E+2	5.980010E+2
1.103820E+2	9.996350E-3	1.468420E-4	-1.000380E-2	5.733970E-5	1.104920E+2	1.247980E+2	6.020010E+2
1.105910E+2	9.996320E-3	1.511340E-4	-1.000380E-2	5.705360E-5	1.106970E+2	1.249680E+2	6.060150E+2
1.107970E+2	9.996250E-3	1.462220E-4	-1.000370E-2	5.617140E-5	1.109050E+2	1.251470E+2	6.100050E+2
1.110050E+2	9.996380E-3	1.464840E-4	-1.000370E-2	5.784030E-5	1.111120E+2	1.253210E+2	6.140020E+2
1.112160E+2	9.996300E-3	1.481060E-4	-1.000370E-2	5.719660E-5	1.113160E+2	1.254960E+2	6.180020E+2
1.114200E+2	9.996460E-3	1.445770E-4	-1.000370E-2	5.750660E-5	1.115200E+2	1.256550E+2	6.220030E+2
1.116210E+2	9.996320E-3	1.479860E-4	-1.000380E-2	5.614760E-5	1.117290E+2	1.258060E+2	6.260020E+2
1.118240E+2	9.996300E-3	1.477720E-4	-1.000380E-2	5.950930E-5	1.119290E+2	1.259680E+2	6.300020E+2
1.120250E+2	9.996280E-3	1.468420E-4	-1.000390E-2	5.421640E-5	1.121300E+2	1.261330E+2	6.340010E+2
1.122300E+2	9.996270E-3	1.470330E-4	-1.000390E-2	5.686280E-5	1.123340E+2	1.262970E+2	6.380010E+2
1.124300E+2	9.996290E-3	1.451250E-4	-1.000380E-2	5.714890E-5	1.125340E+2	1.264610E+2	6.420160E+2
1.126300E+2	9.996400E-3	1.476050E-4	-1.000370E-2	5.676750E-5	1.127340E+2	1.266300E+2	6.460060E+2
1.128300E+2	9.996450E-3	1.502040E-4	-1.000370E-2	6.062980E-5	1.129270E+2	1.268000E+2	6.500010E+2
1.130260E+2	9.996360E-3	1.470800E-4	-1.000380E-2	5.917550E-5	1.131290E+2	1.269710E+2	6.540020E+2
1.132260E+2	9.996320E-3	1.484870E-4	-1.000380E-2	5.838870E-5	1.133240E+2	1.271420E+2	6.580030E+2
1.134200E+2	9.996360E-3	1.489640E-4	-1.000390E-2	5.393030E-5	1.135210E+2	1.273060E+2	6.620020E+2
1.136190E+2	9.996260E-3	1.463890E-4	-1.000390E-2	5.664830E-5	1.137200E+2	1.274720E+2	6.660020E+2
1.138130E+2	9.996240E-3	1.469370E-4	-1.000380E-2	5.552770E-5	1.139130E+2	1.276350E+2	6.700020E+2
1.140080E+2	9.996360E-3	1.463170E-4	-1.000380E-2	5.528930E-5	1.141110E+2	1.278020E+2	6.740040E+2
1.142010E+2	9.996390E-3	1.493930E-4	-1.000390E-2	5.614760E-5	1.143010E+2	1.279650E+2	6.780170E+2
1.143910E+2	9.996290E-3	1.478430E-4	-1.000390E-2	4.937650E-5	1.144500E+2	1.280890E+2	6.811120E+2
1.145390E+2	9.996400E-3	1.483200E-4	-1.000380E-2	5.607600E-5	1.146390E+2	1.294360E+2	6.850030E+2
1.147330E+2	9.996320E-3	1.476050E-4	-1.000370E-2	5.292890E-5	1.148330E+2	1.303620E+2	6.890370E+2
1.149320E+2	9.996380E-3	1.458410E-4	-1.000380E-2	5.512240E-5	1.150340E+2	1.311330E+2	6.930030E+2
1.151300E+2	9.996340E-3	1.484870E-4	-1.000380E-2	5.669590E-5	1.152370E+2	1.318260E+2	6.970030E+2
1.153410E+2	9.996420E-3	1.481530E-4	-1.000370E-2	5.724430E-5	1.154520E+2	1.324820E+2	7.010020E+2
1.155530E+2	9.996400E-3	1.489640E-4	-1.000360E-2	5.397800E-5	1.156630E+2	1.331020E+2	7.050370E+2
1.157690E+2	9.996450E-3	1.462220E-4	-1.000370E-2	5.805490E-5	1.158870E+2	1.337030E+2	7.090060E+2
1.159930E+2	9.996460E-3	1.491310E-4	-1.000360E-2	5.161760E-5	1.161090E+2	1.342850E+2	7.130030E+2
1.162260E+2	9.996460E-3	1.509900E-4	-1.000370E-2	5.693440E-5	1.163470E+2	1.348580E+2	7.170030E+2
1.164580E+2	9.996500E-3	1.490350E-4	-1.000370E-2	5.617140E-5	1.165830E+2	1.354230E+2	7.210360E+2
1.167000E+2	9.996250E-3	1.496080E-4	-1.000370E-2	5.512240E-5	1.168270E+2	1.359790E+2	7.250020E+2
1.169460E+2	9.996230E-3	1.518960E-4	-1.000380E-2	5.683900E-5	1.170780E+2	1.365260E+2	7.290030E+2
1.171960E+2	9.996230E-3	1.502750E-4	-1.000370E-2	5.705360E-5	1.173300E+2	1.370720E+2	7.330030E+2
1.174540E+2	9.996340E-3	1.536850E-4	-1.000360E-2	5.581380E-5	1.175900E+2	1.376160E+2	7.370370E+2
1.177140E+2	9.996280E-3	1.502280E-4	-1.000360E-2	5.679130E-5	1.178520E+2	1.381540E+2	7.410150E+2
1.179790E+2	9.996290E-3	1.506090E-4	-1.000370E-2	5.366800E-5	1.181210E+2	1.386900E+2	7.450060E+2
1.182530E+2	9.996370E-3	1.511810E-4	-1.000370E-2	5.698200E-5	1.183930E+2	1.392060E+2	7.490020E+2
1.185230E+2	9.996460E-3	1.552580E-4	-1.000350E-2	5.445480E-5	1.186690E+2	1.396370E+2	7.530360E+2
1.188050E+2	9.996390E-3	1.546860E-4	-1.000360E-2	5.745890E-5	1.189510E+2	1.399600E+2	7.570020E+2
1.190880E+2	9.996460E-3	1.535650E-4	-1.000370E-2	5.826950E-5	1.192380E+2	1.401640E+2	7.610040E+2
1.193790E+2	9.996390E-3	1.529690E-4	-1.000360E-2	6.001000E-5	1.195240E+2	1.402930E+2	7.650030E+2
1.196680E+2	9.996430E-3	1.562600E-4	-1.000370E-2	5.853180E-5	1.198120E+2	1.403590E+2	7.690370E+2
1.199490E+2	9.996320E-3	1.569990E-4	-1.000380E-2	6.008150E-5	1.201030E+2	1.403800E+2	7.730020E+2
1.202450E+2	9.996470E-3	1.541610E-4	-1.000370E-2	5.962850E-5	1.203910E+2	1.403740E+2	7.770160E+2
1.205310E+2	9.996380E-3	1.558780E-4	-1.000360E-2	6.034370E-5	1.206820E+2	1.403460E+2	7.810070E+2
1.208180E+2	9.996320E-3	1.557350E-4	-1.000370E-2	5.998610E-5	1.209690E+2	1.403220E+2	7.850360E+2
1.211060E+2	9.996410E-3	1.558540E-4	-1.000370E-2	5.881790E-5	1.212530E+2	1.403310E+2	7.890030E+2
1.213890E+2	9.996380E-3	1.554970E-4	-1.000370E-2	5.843640E-5	1.215320E+2	1.403760E+2	7.930030E+2
1.216700E+2	9.996360E-3	1.588820E-4	-1.000360E-2	5.517010E-5	1.218120E+2	1.404330E+2	7.970040E+2
1.219470E+2	9.996210E-3	1.558780E-4	-1.000370E-2	5.528930E-5	1.220860E+2	1.404950E+2	8.010370E+2
1.222190E+2	9.996340E-3	1.563070E-4	-1.000370E-2	5.855560E-5	1.223600E+2	1.405700E+2	8.050020E+2
1.224910E+2	9.996260E-3	1.554010E-4	-1.000360E-2	5.269050E-5	1.226270E+2	1.406440E+2	8.090020E+2
1.227540E+2	9.996330E-3	1.579280E-4	-1.000370E-2	5.221370E-5	1.228930E+2	1.407180E+2	8.130150E+2
1.230160E+2	9.996290E-3	1.568320E-4	-1.000360E-2	5.242820E-5	1.231560E+2	1.407920E+2	8.170490E+2
1.232800E+2	9.996450E-3	1.559970E-4	-1.000370E-2	5.481240E-5	1.234160E+2	1.408700E+2	8.210030E+2
1.235370E+2	9.996380E-3	1.558780E-4	-1.000380E-2	5.555150E-5	1.236710E+2	1.409430E+2	8.250030E+2
1.237900E+2	9.996380E-3	1.561880E-4	-1.000370E-2	5.645750E-5	1.239260E+2	1.410040E+2	8.290030E+2
1.240430E+2	9.996420E-3	1.575470E-4	-1.000370E-2	5.733970E-5	1.241720E+2	1.410600E+2	8.330370E+2
1.242940E+2	9.996440E-3	1.573560E-4	-1.000360E-2	5.245210E-5	1.244200E+2	1.411180E+2	8.370040E+2
1.245370E+2	9.996430E-3	1.580480E-4	-1.000360E-2	5.908010E-5	1.246650E+2	1.411920E+2	8.410020E+2
1.247770E+2	9.996470E-3	1.599790E-4	-1.000370E-2	5.826950E-5	1.249030E+2	1.412580E+2	8.450040E+2
1.250090E+2	9.996360E-3	1.576190E-4	-1.000370E-2	5.655290E-5	1.251380E+2	1.413290E+2	8.490360E+2
1.252460E+2	9.996340E-3	1.581910E-4	-1.000370E-2	5.226140E-5	1.253760E+2	1.414080E+2	8.530860E+2
1.254780E+2	9.996320E-3	1.562120E-4	-1.000360E-2	5.433560E-5	1.256040E+2	1.414810E+2	8.570030E+2
1.257040E+2	9.996340E-3	1.560690E-4	-1.000380E-2	5.505090E-5	1.258250E+2	1.415640E+2	8.610030E+2
1.259340E+2	9.996340E-3	1.577850E-4	-1.000370E-2	5.621910E-5	1.260510E+2	1.416460E+2	8.650360E+2
1.261560E+2	9.996350E-3	1.588110E-4	-1.000380E-2	5.323890E-5	1.262730E+2	1.417230E+2	8.690040E+2
1.263760E+2	9.996300E-3	1.581670E-4	-1.000380E-2	5.762580E-5	1.264900E+2	1.418030E+2	8.730030E+2
1.265980E+2	9.996270E-3	1.582620E-4	-1.000370E-2	5.438330E-5	1.267060E+2	1.418840E+2	8.770030E+2
1.268100E+2	9.996410E-3	1.572370E-4	-1.000350E-2	5.304810E-5	1.269190E+2	1.419610E+2	8.810360E+2
1.270240E+2	9.996370E-3	1.600030E-4	-1.000360E-2	5.519390E-5	1.271320E+2	1.420340E+2	8.850170E+2
1.272280E+2	9.996400E-3	1.584290E-4	-1.000360E-2	5.345340E-5	1.273410E+2	1.421100E+2	8.890060E+2
1.274330E+2	9.996370E-3	1.578330E-4	-1.000360E-2	5.297660E-5	1.275460E+2	1.421910E+2	8.930030E+2
1.276460E+2	9.996220E-3	1.595500E-4	-1.000370E-2	5.388260E-5	1.277500E+2	1.422730E+2	8.970360E+2
1.278470E+2	9.996240E-3	1.600500E-4	-1.000380E-2	5.548000E-5	1.279530E+2	1.423550E+2	9.010040E+2
1.280450E+2	9.996300E-3	1.566170E-4	-1.000370E-2	5.457400E-5	1.281560E+2	1.424310E+2	9.050030E+2
1.282450E+2	9.996290E-3	1.618150E-4	-1.000360E-2	5.593300E-5	1.283490E+2	1.424990E+2	9.090030E+2
1.284390E+2	9.996320E-3	1.584770E-4	-1.000360E-2	5.233290E-5	1.285420E+2	1.425740E+2	9.130360E+2
1.286330E+2	9.996350E-3	1.584290E-4	-1.000360E-2	5.593300E-5	1.287330E+2	1.426510E+2	9.170020E+2
1.288270E+2	9.996290E-3	1.581670E-4	-1.000370E-2	5.419250E-5	1.289280E+2	1.427300E+2	9.210160E+2
1.290130E+2	9.996280E-3	1.605270E-4	-1.000370E-2	5.080700E-5	1.291170E+2	1.428110E+2	9.250060E+2
1.291970E+2	9.996200E-3	1.584290E-4	-1.000370E-2	5.388260E-5	1.292890E+2	1.428830E+2	9.290360E+2
1.293660E+2	9.996260E-3	1.555680E-4	-1.000370E-2	5.147460E-5	1.294460E+2	1.429240E+2	9.330030E+2
1.295200E+2	9.996280E-3	1.619100E-4	-1.000370E-2	5.350110E-5	1.296030E+2	1.429260E+2	9.370050E+2
1.296740E+2	9.996320E-3	1.611230E-4	-1.000360E-2	4.932880E-5	1.297500E+2	1.429060E+2	9.410050E+2
1.298190E+2	9.996250E-3	1.566170E-4	-1.000370E-2	5.261900E-5	1.298990E+2	1.428830E+2	9.450350E+2
1.299670E+2	9.996290E-3	1.583580E-4	-1.000370E-2	4.994870E-5	1.300420E+2	1.428380E+2	9.490030E+2
1.301040E+2	9.996170E-3	1.609090E-4	-1.000380E-2	4.909040E-5	1.301800E+2	1.427830E+2	9.530030E+2
1.302460E+2	9.996250E-3	1.544480E-4	-1.000370E-2	5.013940E-5	1.303180E+2	1.427200E+2	9.570170E+2
1.303830E+2	9.996550E-3	1.538750E-4	-1.000350E-2	4.949570E-5	1.304520E+2	1.426600E+2	9.610480E+2
1.305190E+2	9.996320E-3	1.599310E-4	-1.000360E-2	5.028250E-5	1.305870E+2	1.425920E+2	9.650030E+2
1.306480E+2	9.996380E-3	1.578570E-4	-1.000350E-2	5.109310E-5	1.307160E+2	1.425210E+2	9.690030E+2
1.307730E+2	9.996440E-3	1.567130E-4	-1.000360E-2	4.978180E-5	1.308420E+2	1.424600E+2	9.730040E+2
1.309000E+2	9.996400E-3	1.587630E-4	-1.000360E-2	5.016330E-5	1.309660E+2	1.423940E+2	9.770370E+2
1.310220E+2	9.996380E-3	1.577140E-4	-1.000350E-2	5.054470E-5	1.310840E+2	1.423230E+2	9.810040E+2
1.311430E+2	9.996380E-3	1.593590E-4	-1.000360E-2	4.897120E-5	1.312030E+2	1.422370E+2	9.850040E+2
1.312590E+2	9.996310E-3	1.609090E-4	-1.000360E-2	5.106930E-5	1.313180E+2	1.421650E+2	9.890050E+2
1.313710E+2	9.996290E-3	1.553540E-4	-1.000360E-2	5.276200E-5	1.314340E+2	1.421030E+2	9.930360E+2
1.314870E+2	9.996220E-3	1.585960E-4	-1.000360E-2	4.723070E-5	1.315410E+2	1.420440E+2	9.970070E+2
1.315980E+2	9.996180E-3	1.567840E-4	-1.000360E-2	4.930500E-5	1.316510E+2	1.419810E+2	1.001005E+3
1.317000E+2	9.996220E-3	1.575950E-4	-1.000360E-2	5.037780E-5	1.317580E+2	1.419130E+2	1.005004E+3
1.318010E+2	9.996320E-3	1.575230E-4	-1.000360E-2	4.873280E-5	1.318570E+2	1.418480E+2	1.009036E+3
1.319070E+2	9.996250E-3	1.560930E-4	-1.000360E-2	5.040170E-5	1.319640E+2	1.417680E+2	1.013005E+3
1.320040E+2	9.996250E-3	1.567840E-4	-1.000370E-2	4.847050E-5	1.320570E+2	1.417000E+2	1.017003E+3
1.321030E+2	9.996410E-3	1.568080E-4	-1.000360E-2	4.713540E-5	1.321520E+2	1.416250E+2	1.021003E+3
1.322030E+2	9.996330E-3	1.549010E-4	-1.000370E-2	4.594330E-5	1.322500E+2	1.415550E+2	1.025037E+3
1.322950E+2	9.996380E-3	1.581190E-4	-1.000360E-2	4.575250E-5	1.323430E+2	1.414840E+2	1.029018E+3
1.323820E+2	9.996400E-3	1.571890E-4	-1.000370E-2	4.518030E-5	1.324300E+2	1.414130E+2	1.033008E+3
1.324670E+2	9.996400E-3	1.543760E-4	-1.000360E-2	4.856590E-5	1.325180E+2	1.413380E+2	1.037003E+3
1.325580E+2	9.996330E-3	1.551150E-4	-1.000360E-2	4.708770E-5	1.326050E+2	1.412710E+2	1.041035E+3
1.326430E+2	9.996370E-3	1.558540E-4	-1.000360E-2	4.835130E-5	1.326860E+2	1.412030E+2	1.045005E+3
1.327230E+2	9.996360E-3	1.558780E-4	-1.000350E-2	4.854200E-5	1.327650E+2	1.411370E+2	1.049005E+3
1.328100E+2	9.996470E-3	1.569030E-4	-1.000350E-2	4.780290E-5	1.328460E+2	1.410700E+2	1.053004E+3
1.328850E+2	9.996380E-3	1.538280E-4	-1.000360E-2	4.656310E-5	1.329220E+2	1.410050E+2	1.057035E+3
1.329600E+2	9.996380E-3	1.580950E-4	-1.000360E-2	4.696850E-5	1.329970E+2	1.409380E+2	1.061005E+3
1.330330E+2	9.996430E-3	1.589300E-4	-1.000370E-2	4.642010E-5	1.330740E+2	1.408750E+2	1.065017E+3
1.331070E+2	9.996470E-3	1.541850E-4	-1.000370E-2	4.498960E-5	1.331440E+2	1.408270E+2	1.069007E+3
1.331770E+2	9.996410E-3	1.556870E-4	-1.000370E-2	4.231930E-5	1.332120E+2	1.407750E+2	1.073037E+3
1.332470E+2	9.996310E-3	1.564500E-4	-1.000370E-2	4.351140E-5	1.332830E+2	1.407260E+2	1.077005E+3
1.333140E+2	9.996360E-3	1.530890E-4	-1.000370E-2	4.870890E-5	1.333490E+2	1.406810E+2	1.081004E+3
1.333800E+2	9.996270E-3	1.571420E-4	-1.000360E-2	4.329680E-5	1.334170E+2	1.406330E+2	1.085003E+3
1.334420E+2	9.996330E-3	1.544000E-4	-1.000360E-2	4.305840E-5	1.334820E+2	1.405900E+2	1.089036E+3
1.335060E+2	9.996300E-3	1.555440E-4	-1.000370E-2	4.775520E-5	1.335380E+2	1.405540E+2	1.093003E+3
1.335650E+2	9.996340E-3	1.573090E-4	-1.000370E-2	4.138950E-5	1.336010E+2	1.405220E+2	1.097004E+3
1.336250E+2	9.996370E-3	1.556400E-4	-1.000370E-2	4.243850E-5	1.336570E+2	1.405080E+2	1.101017E+3
1.336810E+2	9.996400E-3	1.544710E-4	-1.000350E-2	4.367830E-5	1.337170E+2	1.404560E+2	1.105048E+3
1.337470E+2	9.996490E-3	1.553540E-4	-1.000350E-2	4.625320E-5	1.337830E+2	1.402870E+2	1.109005E+3
1.338140E+2	9.996390E-3	1.548290E-4	-1.000360E-2	4.136560E-5	1.338460E+2	1.399960E+2	1.113004E+3
1.338770E+2	9.996370E-3	1.563550E-4	-1.000360E-2	4.584790E-5	1.339090E+2	1.396430E+2	1.117005E+3
1.339340E+2	9.996320E-3	1.523020E-4	-1.000360E-2	4.076960E-5	1.339600E+2	1.392430E+2	1.121035E+3
1.339840E+2	9.996350E-3	1.507040E-4	-1.000350E-2	4.198550E-5	1.340080E+2	1.388250E+2	1.125005E+3
1.340270E+2	9.996350E-3	1.516580E-4	-1.000360E-2	4.329680E-5	1.340480E+2	1.384240E+2	1.129004E+3
1.340630E+2	9.996340E-3	1.533510E-4	-1.000360E-2	4.353520E-5	1.340790E+2	1.380870E+2	1.133006E+3
1.340980E+2	9.996360E-3	1.525880E-4	-1.000360E-2	4.234310E-5	1.341070E+2	1.377850E+2	1.137035E+3
1.341190E+2	9.996380E-3	1.497750E-4	-1.000360E-2	4.649160E-5	1.341290E+2	1.375200E+2	1.141007E+3
1.341380E+2	9.996350E-3	1.492260E-4	-1.000360E-2	4.029270E-5	1.341440E+2	1.372770E+2	1.145005E+3
1.341510E+2	9.996450E-3	1.494650E-4	-1.000360E-2	3.876690E-5	1.341570E+2	1.370520E+2	1.149006E+3
1.341620E+2	9.996360E-3	1.603840E-4	-1.000360E-2	4.055500E-5	1.341670E+2	1.368450E+2	1.153037E+3
1.341720E+2	9.996410E-3	1.475570E-4	-1.000350E-2	3.631120E-5	1.341720E+2	1.366550E+2	1.157004E+3
1.341770E+2	9.996400E-3	1.488450E-4	-1.000350E-2	3.957750E-5	1.341770E+2	1.364730E+2	1.161004E+3
1.341730E+2	9.996420E-3	1.479630E-4	-1.000360E-2	3.643040E-5	1.341700E+2	1.363230E+2	1.165006E+3
1.341710E+2	9.996390E-3	1.509900E-4	-1.000360E-2	4.136560E-5	1.341670E+2	1.361950E+2	1.169036E+3
1.341610E+2	9.996420E-3	1.471520E-4	-1.000360E-2	4.105570E-5	1.341540E+2	1.360540E+2	1.173019E+3
1.341430E+2	9.996400E-3	1.503230E-4	-1.000360E-2	4.076960E-5	1.341360E+2	1.358020E+2	1.177009E+3
1.341270E+2	9.996390E-3	1.516340E-4	-1.000360E-2	3.621580E-5	1.341130E+2	1.354810E+2	1.181005E+3
1.341010E+2	9.996510E-3	1.516820E-4	-1.000360E-2	3.936290E-5	1.340870E+2	1.351670E+2	1.185036E+3
1.340700E+2	9.996410E-3	1.497270E-4	-1.000370E-2	3.802780E-5	1.340540E+2	1.348790E+2	1.189006E+3
1.340340E+2	9.996380E-3	1.523260E-4	-1.000360E-2	3.936290E-5	1.340130E+2	1.346040E+2	1.193005E+3
1.339960E+2	9.996380E-3	1.479630E-4	-1.000370E-2	4.310610E-5	1.339700E+2	1.343570E+2	1.197005E+3
1.339470E+2	9.996380E-3	1.495360E-4	-1.000370E-2	4.043580E-5	1.339210E+2	1.341470E+2	1.201037E+3
1.339040E+2	9.996310E-3	1.500130E-4	-1.000360E-2	3.712180E-5	1.338730E+2	1.339900E+2	1.205006E+3
1.338470E+2	9.996310E-3	1.479860E-4	-1.000360E-2	4.286770E-5	1.338220E+2	1.338990E+2	1.209019E+3
1.337940E+2	9.996350E-3	1.485350E-4	-1.000360E-2	4.062650E-5	1.337630E+2	1.338540E+2	1.213008E+3
1.337380E+2	9.996310E-3	1.501320E-4	-1.000350E-2	3.869530E-5	1.337120E+2	1.338640E+2	1.217035E+3
1.336830E+2	9.996330E-3	1.511810E-4	-1.000360E-2	3.907680E-5	1.336530E+2	1.339070E+2	1.221004E+3
1.336290E+2	9.996360E-3	1.479390E-4	-1.000370E-2	4.482270E-5	1.336030E+2	1.339590E+2	1.225004E+3
1.335780E+2	9.996310E-3	1.510140E-4	-1.000370E-2	3.600120E-5	1.335500E+2	1.340170E+2	1.229004E+3
1.335260E+2	9.996310E-3	1.514200E-4	-1.000370E-2	3.898140E-5	1.335060E+2	1.340840E+2	1.233038E+3
1.334760E+2	9.996410E-3	1.502040E-4	-1.000350E-2	3.991130E-5	1.334580E+2	1.341510E+2	1.237005E+3
1.334310E+2	9.996500E-3	1.516340E-4	-1.000350E-2	4.186630E-5	1.334020E+2	1.342090E+2	1.241004E+3
1.333800E+2	9.996400E-3	1.492980E-4	-1.000340E-2	4.131790E-5	1.333550E+2	1.342380E+2	1.245017E+3
1.333300E+2	9.996510E-3	1.528500E-4	-1.000340E-2	4.057880E-5	1.333050E+2	1.342310E+2	1.249048E+3
1.332850E+2	9.996470E-3	1.494410E-4	-1.000350E-2	4.026890E-5	1.332580E+2	1.342170E+2	1.253006E+3
1.332390E+2	9.996390E-3	1.523730E-4	-1.000350E-2	4.382130E-5	1.332130E+2	1.341860E+2	1.257005E+3
1.331870E+2	9.996380E-3	1.523020E-4	-1.000360E-2	4.191400E-5	1.331630E+2	1.341130E+2	1.261005E+3
1.331390E+2	9.996460E-3	1.502750E-4	-1.000350E-2	4.191400E-5	1.331160E+2	1.339520E+2	1.265036E+3
1.330940E+2	9.996470E-3	1.494410E-4	-1.000340E-2	4.050730E-5	1.330670E+2	1.337310E+2	1.269006E+3
1.330370E+2	9.996410E-3	1.516100E-4	-1.000340E-2	4.282000E-5	1.330100E+2	1.334740E+2	1.273005E+3
1.329870E+2	9.996440E-3	1.517060E-4	-1.000350E-2	4.107950E-5	1.329510E+2	1.331680E+2	1.277005E+3
1.329170E+2	9.996410E-3	1.518250E-4	-1.000350E-2	4.127030E-5	1.328830E+2	1.328080E+2	1.281036E+3
1.328460E+2	9.996360E-3	1.459600E-4	-1.000360E-2	3.933910E-5	1.328060E+2	1.323860E+2	1.285008E+3
1.327710E+2	9.996370E-3	1.504420E-4	-1.000370E-2	4.107950E-5	1.327300E+2	1.318830E+2	1.289004E+3
1.326860E+2	9.996450E-3	1.506330E-4	-1.000360E-2	4.117490E-5	1.326360E+2	1.313090E+2	1.293004E+3
1.325820E+2	9.996420E-3	1.488920E-4	-1.000350E-2	4.079340E-5	1.325330E+2	1.307090E+2	1.297035E+3
1.324820E+2	9.996400E-3	1.488450E-4	-1.000350E-2	3.991130E-5	1.324150E+2	1.300990E+2	1.301005E+3
1.323600E+2	9.996440E-3	1.473190E-4	-1.000350E-2	4.038810E-5	1.322900E+2	1.293990E+2	1.304995E+3
1.322240E+2	9.996410E-3	1.472230E-4	-1.000360E-2	3.926750E-5	1.321490E+2	1.287090E+2	1.309004E+3
1.320810E+2	9.996380E-3	1.464370E-4	-1.000350E-2	3.454690E-5	1.319970E+2	1.280190E+2	1.313037E+3
1.319190E+2	9.996470E-3	1.460310E-4	-1.000350E-2	3.545280E-5	1.318290E+2	1.273800E+2	1.317019E+3
1.317450E+2	9.996420E-3	1.445060E-4	-1.000360E-2	3.750320E-5	1.316500E+2	1.266420E+2	1.321007E+3
1.315660E+2	9.996380E-3	1.435040E-4	-1.000360E-2	3.438000E-5	1.314580E+2	1.259810E+2	1.325005E+3
1.313630E+2	9.996340E-3	1.426460E-4	-1.000350E-2	3.323560E-5	1.312560E+2	1.253590E+2	1.329037E+3
1.311600E+2	9.996300E-3	1.441960E-4	-1.000360E-2	3.290180E-5	1.310430E+2	1.247240E+2	1.333005E+3
1.309460E+2	9.996410E-3	1.424790E-4	-1.000340E-2	3.755090E-5	1.308210E+2	1.241090E+2	1.337004E+3
1.307120E+2	9.996420E-3	1.442430E-4	-1.000340E-2	3.325940E-5	1.305910E+2	1.234900E+2	1.341005E+3
1.304710E+2	9.996420E-3	1.443390E-4	-1.000340E-2	3.383160E-5	1.303510E+2	1.228690E+2	1.345036E+3
1.302340E+2	9.996470E-3	1.399520E-4	-1.000350E-2	3.206730E-5	1.300990E+2	1.222700E+2	1.349005E+3
1.299850E+2	9.996410E-3	1.375440E-4	-1.000340E-2	3.547670E-5	1.298400E+2	1.216190E+2	1.353019E+3
1.297170E+2	9.996460E-3	1.414780E-4	-1.000360E-2	3.523830E-5	1.295730E+2	1.209970E+2	1.357008E+3
1.294490E+2	9.996420E-3	1.404290E-4	-1.000370E-2	3.530980E-5	1.293030E+2	1.204580E+2	1.361036E+3
1.291710E+2	9.996480E-3	1.378060E-4	-1.000360E-2	3.309250E-5	1.290190E+2	1.201250E+2	1.365005E+3
1.288910E+2	9.996400E-3	1.413110E-4	-1.000360E-2	3.352170E-5	1.287330E+2	1.198650E+2	1.369040E+3
1.285970E+2	9.996380E-3	1.400950E-4	-1.000350E-2	3.387930E-5	1.284410E+2	1.196940E+2	1.372995E+3
1.283010E+2	9.996400E-3	1.381870E-4	-1.000350E-2	3.118520E-5	1.281430E+2	1.196630E+2	1.377037E+3
1.279980E+2	9.996430E-3	1.392130E-4	-1.000360E-2	3.299710E-5	1.278430E+2	1.196490E+2	1.381005E+3
1.277000E+2	9.996400E-3	1.353030E-4	-1.000350E-2	3.056530E-5	1.275430E+2	1.196540E+2	1.385005E+3
1.274050E+2	9.996310E-3	1.371380E-4	-1.000360E-2	3.116130E-5	1.272440E+2	1.196810E+2	1.389019E+3
1.271030E+2	9.996430E-3	1.397130E-4	-1.000340E-2	3.652570E-5	1.269450E+2	1.196800E+2	1.393050E+3
1.268070E+2	9.996360E-3	1.404290E-4	-1.000340E-2	3.654960E-5	1.266490E+2	1.196440E+2	1.397006E+3
1.265090E+2	9.996470E-3	1.375680E-4	-1.000340E-2	3.564360E-5	1.263580E+2	1.196070E+2	1.401005E+3
1.262230E+2	9.996470E-3	1.390700E-4	-1.000350E-2	3.683570E-5	1.260680E+2	1.194690E+2	1.405005E+3
1.259330E+2	9.996410E-3	1.409290E-4	-1.000340E-2	3.564360E-5	1.257770E+2	1.193910E+2	1.409036E+3
1.256470E+2	9.996300E-3	1.425980E-4	-1.000350E-2	3.578660E-5	1.254940E+2	1.193030E+2	1.413006E+3
1.253630E+2	9.996390E-3	1.389270E-4	-1.000340E-2	3.581050E-5	1.252170E+2	1.191640E+2	1.417006E+3
1.250880E+2	9.996380E-3	1.378060E-4	-1.000330E-2	3.840920E-5	1.249430E+2	1.191100E+2	1.421005E+3
1.248170E+2	9.996440E-3	1.399990E-4	-1.000340E-2	3.542900E-5	1.246830E+2	1.190290E+2	1.425036E+3
1.245760E+2	9.996280E-3	1.396660E-4	-1.000360E-2	3.860000E-5	1.244480E+2	1.190560E+2	1.429088E+3
1.243520E+2	9.996320E-3	1.395460E-4	-1.000360E-2	3.974440E-5	1.242380E+2	1.183210E+2	1.433006E+3
1.241390E+2	9.996340E-3	1.400470E-4	-1.000350E-2	3.795620E-5	1.240290E+2	1.175930E+2	1.437006E+3
1.239310E+2	9.996390E-3	1.427410E-4	-1.000350E-2	3.600120E-5	1.238200E+2	1.171090E+2	1.441036E+3
1.237260E+2	9.996340E-3	1.431940E-4	-1.000340E-2	4.062650E-5	1.236180E+2	1.167620E+2	1.445006E+3
1.235280E+2	9.996320E-3	1.413110E-4	-1.000350E-2	4.127030E-5	1.234170E+2	1.165080E+2	1.449005E+3
1.233210E+2	9.996320E-3	1.423600E-4	-1.000350E-2	4.034040E-5	1.232170E+2	1.163140E+2	1.453005E+3
1.231220E+2	9.996410E-3	1.413820E-4	-1.000340E-2	4.003050E-5	1.230200E+2	1.161830E+2	1.457037E+3
1.229290E+2	9.996450E-3	1.397610E-4	-1.000350E-2	4.131790E-5	1.228260E+2	1.160850E+2	1.460996E+3
1.227360E+2	9.996430E-3	1.441960E-4	-1.000360E-2	4.329680E-5	1.226350E+2	1.160240E+2	1.465008E+3
1.225500E+2	9.996410E-3	1.426460E-4	-1.000350E-2	4.179480E-5	1.224450E+2	1.159990E+2	1.469005E+3
1.223580E+2	9.996460E-3	1.414060E-4	-1.000350E-2	4.229550E-5	1.222610E+2	1.159960E+2	1.473037E+3
1.221780E+2	9.996390E-3	1.424790E-4	-1.000350E-2	4.234310E-5	1.220810E+2	1.160240E+2	1.477004E+3
1.219990E+2	9.996430E-3	1.436230E-4	-1.000350E-2	4.177090E-5	1.219090E+2	1.160660E+2	1.480996E+3
1.218260E+2	9.996450E-3	1.415490E-4	-1.000340E-2	4.258160E-5	1.217360E+2	1.161310E+2	1.484996E+3
1.216570E+2	9.996450E-3	1.423840E-4	-1.000340E-2	4.112720E-5	1.215740E+2	1.162100E+2	1.489037E+3
1.214980E+2	9.996530E-3	1.408340E-4	-1.000340E-2	4.549030E-5	1.214120E+2	1.163020E+2	1.493006E+3
1.213370E+2	9.996490E-3	1.439330E-4	-1.000350E-2	4.379750E-5	1.212560E+2	1.164030E+2	1.496995E+3
1.211820E+2	9.996440E-3	1.407620E-4	-1.000350E-2	4.284380E-5	1.211000E+2	1.165150E+2	1.501007E+3
1.210290E+2	9.996370E-3	1.440760E-4	-1.000360E-2	4.374980E-5	1.209460E+2	1.166230E+2	1.505037E+3
1.208760E+2	9.996500E-3	1.469140E-4	-1.000360E-2	4.153250E-5	1.207980E+2	1.167490E+2	1.508995E+3
1.207330E+2	9.996540E-3	1.423840E-4	-1.000350E-2	4.541870E-5	1.206580E+2	1.168860E+2	1.512996E+3
1.205940E+2	9.996480E-3	1.434800E-4	-1.000360E-2	4.773140E-5	1.205200E+2	1.170310E+2	1.516996E+3
1.204570E+2	9.996410E-3	1.459360E-4	-1.000350E-2	4.229550E-5	1.203910E+2	1.171640E+2	1.521037E+3
1.203300E+2	9.996440E-3	1.450300E-4	-1.000360E-2	4.663470E-5	1.202630E+2	1.172950E+2	1.524996E+3
1.202070E+2	9.996360E-3	1.448390E-4	-1.000350E-2	4.570480E-5	1.201410E+2	1.174180E+2	1.529006E+3
1.200850E+2	9.996450E-3	1.468660E-4	-1.000340E-2	4.932880E-5	1.200320E+2	1.175320E+2	1.532996E+3
1.199770E+2	9.996420E-3	1.468660E-4	-1.000340E-2	4.694460E-5	1.199200E+2	1.176340E+2	1.537049E+3
1.198690E+2	9.996500E-3	1.444820E-4	-1.000350E-2	4.897120E-5	1.198140E+2	1.177240E+2	1.541005E+3
1.197650E+2	9.996390E-3	1.444580E-4	-1.000360E-2	4.365440E-5	1.197110E+2	1.178000E+2	1.545005E+3
1.196620E+2	9.996310E-3	1.441480E-4	-1.000340E-2	4.661080E-5	1.196140E+2	1.178630E+2	1.548995E+3
1.195660E+2	9.996390E-3	1.458640E-4	-1.000340E-2	4.758830E-5	1.195160E+2	1.179150E+2	1.553037E+3
1.194700E+2	9.996440E-3	1.441240E-4	-1.000350E-2	4.787450E-5	1.194250E+2	1.179580E+2	1.556995E+3
1.193810E+2	9.996410E-3	1.455310E-4	-1.000360E-2	4.675390E-5	1.193380E+2	1.180010E+2	1.560995E+3
1.192940E+2	9.996410E-3	1.460790E-4	-1.000350E-2	4.618170E-5	1.192470E+2	1.180270E+2	1.565006E+3
1.192110E+2	9.996470E-3	1.424070E-4	-1.000350E-2	4.553790E-5	1.191640E+2	1.180470E+2	1.569037E+3
1.191200E+2	9.996480E-3	1.463170E-4	-1.000350E-2	4.608630E-5	1.190740E+2	1.180520E+2	1.573008E+3
1.190290E+2	9.996430E-3	1.461510E-4	-1.000350E-2	4.911420E-5	1.189830E+2	1.180010E+2	1.577006E+3
1.189380E+2	9.996410E-3	1.428600E-4	-1.000350E-2	4.513260E-5	1.188910E+2	1.179060E+2	1.581006E+3
1.188420E+2	9.996600E-3	1.547810E-4	-1.000350E-2	4.670620E-5	1.187990E+2	1.177450E+2	1.585035E+3
1.187560E+2	9.996440E-3	1.451020E-4	-1.000350E-2	4.978180E-5	1.187070E+2	1.175710E+2	1.588995E+3
1.186670E+2	9.996330E-3	1.452210E-4	-1.000350E-2	4.765990E-5	1.186110E+2	1.173580E+2	1.592995E+3
1.185660E+2	9.996360E-3	1.449820E-4	-1.000340E-2	4.725460E-5	1.185160E+2	1.170560E+2	1.596996E+3
1.184670E+2	9.996480E-3	1.464130E-4	-1.000350E-2	4.773140E-5	1.184080E+2	1.166410E+2	1.601035E+3
1.183580E+2	9.996490E-3	1.443620E-4	-1.000360E-2	5.087850E-5	1.182990E+2	1.161850E+2	1.604995E+3
1.182440E+2	9.996410E-3	1.436710E-4	-1.000340E-2	4.687310E-5	1.181770E+2	1.156790E+2	1.609007E+3
1.181160E+2	9.996420E-3	1.435040E-4	-1.000340E-2	4.494190E-5	1.180490E+2	1.150560E+2	1.612995E+3
1.179830E+2	9.996350E-3	1.448390E-4	-1.000340E-2	4.794600E-5	1.179080E+2	1.145350E+2	1.617037E+3
1.178360E+2	9.996390E-3	1.424310E-4	-1.000340E-2	4.549030E-5	1.177540E+2	1.139720E+2	1.620996E+3
1.176790E+2	9.996490E-3	1.444820E-4	-1.000340E-2	4.458430E-5	1.175930E+2	1.134180E+2	1.625006E+3
1.175160E+2	9.996510E-3	1.416920E-4	-1.000330E-2	4.570480E-5	1.174220E+2	1.128470E+2	1.628996E+3
1.173350E+2	9.996520E-3	1.426700E-4	-1.000340E-2	4.546640E-5	1.172410E+2	1.123580E+2	1.633036E+3
1.171520E+2	9.996510E-3	1.396660E-4	-1.000330E-2	4.327300E-5	1.170530E+2	1.118060E+2	1.636996E+3
1.169570E+2	9.996580E-3	1.421210E-4	-1.000340E-2	4.282000E-5	1.168490E+2	1.112620E+2	1.640996E+3
1.167480E+2	9.996480E-3	1.412630E-4	-1.000330E-2	4.293920E-5	1.166330E+2	1.107380E+2	1.645007E+3
1.165320E+2	9.996440E-3	1.406910E-4	-1.000340E-2	4.456040E-5	1.164170E+2	1.101650E+2	1.649035E+3
1.163090E+2	9.996450E-3	1.394510E-4	-1.000340E-2	4.417900E-5	1.161910E+2	1.096410E+2	1.652997E+3
1.160810E+2	9.996380E-3	1.375910E-4	-1.000340E-2	4.360680E-5	1.159630E+2	1.091330E+2	1.656996E+3
1.158540E+2	9.996330E-3	1.386880E-4	-1.000340E-2	3.998280E-5	1.157280E+2	1.086740E+2	1.660996E+3
1.156070E+2	9.996410E-3	1.385450E-4	-1.000350E-2	4.296300E-5	1.154770E+2	1.082410E+2	1.665037E+3
1.153660E+2	9.996340E-3	1.381870E-4	-1.000350E-2	4.429820E-5	1.152290E+2	1.078230E+2	1.669006E+3
1.151160E+2	9.996630E-3	1.404290E-4	-1.000350E-2	4.477500E-5	1.149810E+2	1.074200E+2	1.672997E+3
1.148530E+2	9.996450E-3	1.405240E-4	-1.000350E-2	4.076960E-5	1.147250E+2	1.070340E+2	1.676997E+3
1.145950E+2	9.996390E-3	1.391170E-4	-1.000360E-2	4.372600E-5	1.144540E+2	1.065730E+2	1.681049E+3
1.143310E+2	9.996310E-3	1.377580E-4	-1.000360E-2	4.684930E-5	1.141910E+2	1.061710E+2	1.684997E+3
1.140650E+2	9.996370E-3	1.386880E-4	-1.000360E-2	4.439350E-5	1.139220E+2	1.057910E+2	1.688997E+3
1.137960E+2	9.996420E-3	1.421930E-4	-1.000350E-2	4.417900E-5	1.136460E+2	1.054360E+2	1.693006E+3
1.135170E+2	9.996310E-3	1.404050E-4	-1.000340E-2	4.620550E-5	1.133750E+2	1.050840E+2	1.697037E+3
1.132420E+2	9.996390E-3	1.374720E-4	-1.000350E-2	4.270080E-5	1.130970E+2	1.047390E+2	1.701006E+3
1.129700E+2	9.996510E-3	1.388070E-4	-1.000350E-2	4.305840E-5	1.128250E+2	1.043770E+2	1.704995E+3
1.126900E+2	9.996500E-3	1.361130E-4	-1.000350E-2	4.329680E-5	1.125410E+2	1.039390E+2	1.708996E+3
1.124040E+2	9.996420E-3	1.372100E-4	-1.000350E-2	4.479890E-5	1.122570E+2	1.035880E+2	1.713036E+3
1.121190E+2	9.996330E-3	1.355650E-4	-1.000350E-2	4.529950E-5	1.119690E+2	1.032410E+2	1.717008E+3
1.118380E+2	9.996370E-3	1.352790E-4	-1.000360E-2	4.467960E-5	1.116890E+2	1.028640E+2	1.720996E+3
1.115470E+2	9.996490E-3	1.360180E-4	-1.000350E-2	4.618170E-5	1.113970E+2	1.025000E+2	1.724997E+3
1.112570E+2	9.996400E-3	1.428370E-4	-1.000350E-2	4.212860E-5	1.111040E+2	1.020850E+2	1.729037E+3
1.109670E+2	9.996470E-3	1.374010E-4	-1.000350E-2	4.582410E-5	1.108150E+2	1.017410E+2	1.732997E+3
1.106710E+2	9.996380E-3	1.338480E-4	-1.000350E-2	4.439350E-5	1.105780E+2	1.014170E+2	1.736131E+3
1.104550E+2	9.996260E-3	1.363750E-4	-1.000350E-2	4.549030E-5	1.103020E+2	1.010570E+2	1.739996E+3
1.101560E+2	9.996380E-3	1.348500E-4	-1.000350E-2	4.491810E-5	1.099970E+2	1.006820E+2	1.744009E+3
1.098580E+2	9.996270E-3	1.368760E-4	-1.000360E-2	5.016330E-5	1.097030E+2	1.002900E+2	1.747997E+3
1.095580E+2	9.996300E-3	1.359700E-4	-1.000350E-2	4.863740E-5	1.094010E+2	9.991400E+1	1.751996E+3
1.092520E+2	9.996280E-3	1.379010E-4	-1.000350E-2	4.711150E-5	1.090980E+2	9.946800E+1	1.755996E+3
1.089470E+2	9.996290E-3	1.398320E-4	-1.000350E-2	5.180840E-5	1.087850E+2	9.903600E+1	1.759996E+3
1.086410E+2	9.996270E-3	1.348730E-4	-1.000350E-2	4.911420E-5	1.084810E+2	9.871200E+1	1.763995E+3
1.083260E+2	9.996250E-3	1.375680E-4	-1.000350E-2	4.813670E-5	1.081660E+2	9.831600E+1	1.767997E+3
1.080160E+2	9.996350E-3	1.375910E-4	-1.000350E-2	5.249980E-5	1.078550E+2	9.790300E+1	1.771996E+3
1.077040E+2	9.996320E-3	1.346350E-4	-1.000360E-2	5.083080E-5	1.075430E+2	9.756500E+1	1.775996E+3
1.073860E+2	9.996400E-3	1.358510E-4	-1.000340E-2	4.849430E-5	1.072260E+2	9.715200E+1	1.779997E+3
1.070660E+2	9.996420E-3	1.354220E-4	-1.000360E-2	4.973410E-5	1.069050E+2	9.681100E+1	1.783995E+3
1.067470E+2	9.996340E-3	1.333000E-4	-1.000360E-2	4.792210E-5	1.065810E+2	9.628900E+1	1.787997E+3
1.064220E+2	9.996370E-3	1.345870E-4	-1.000350E-2	5.083080E-5	1.062600E+2	9.597100E+1	1.791996E+3
1.060970E+2	9.996350E-3	1.336340E-4	-1.000350E-2	4.980560E-5	1.059330E+2	9.559900E+1	1.795996E+3
1.057730E+2	9.996240E-3	1.340630E-4	-1.000350E-2	5.152230E-5	1.056040E+2	9.517700E+1	1.799996E+3
1.054440E+2	9.996270E-3	1.340870E-4	-1.000350E-2	4.944800E-5	1.052760E+2	9.483300E+1	1.803996E+3
1.051150E+2	9.996360E-3	1.330610E-4	-1.000350E-2	4.777910E-5	1.049370E+2	9.439800E+1	1.808006E+3
1.047780E+2	9.996440E-3	1.312730E-4	-1.000350E-2	4.944800E-5	1.046050E+2	9.395000E+1	1.811996E+3
1.044500E+2	9.996360E-3	1.345160E-4	-1.000360E-2	5.128380E-5	1.042810E+2	9.362800E+1	1.815997E+3
1.041270E+2	9.996340E-3	1.311300E-4	-1.000350E-2	5.147460E-5	1.039630E+2	9.345200E+1	1.819996E+3
1.038090E+2	9.996350E-3	1.343010E-4	-1.000360E-2	5.204680E-5	1.036470E+2	9.332700E+1	1.823996E+3
1.034940E+2	9.996390E-3	1.336810E-4	-1.000350E-2	5.154610E-5	1.033320E+2	9.322400E+1	1.827997E+3
1.031820E+2	9.996390E-3	1.320600E-4	-1.000350E-2	4.897120E-5	1.030200E+2	9.314200E+1	1.831996E+3
1.028740E+2	9.996290E-3	1.331330E-4	-1.000350E-2	5.404950E-5	1.027160E+2	9.307600E+1	1.835997E+3
1.025670E+2	9.996350E-3	1.339200E-4	-1.000350E-2	5.221370E-5	1.024160E+2	9.302500E+1	1.839997E+3
1.022730E+2	9.996280E-3	1.355650E-4	-1.000340E-2	5.247590E-5	1.021220E+2	9.298200E+1	1.843997E+3
1.019760E+2	9.996440E-3	1.330850E-4	-1.000340E-2	5.347730E-5	1.018330E+2	9.295500E+1	1.847995E+3
1.016900E+2	9.996410E-3	1.343010E-4	-1.000330E-2	5.340580E-5	1.015490E+2	9.292600E+1	1.851996E+3
1.014150E+2	9.996390E-3	1.299620E-4	-1.000330E-2	5.583760E-5	1.012720E+2	9.290900E+1	1.855996E+3
1.011380E+2	9.996390E-3	1.321080E-4	-1.000350E-2	5.273820E-5	1.010000E+2	9.289600E+1	1.859997E+3
1.008730E+2	9.996390E-3	1.320120E-4	-1.000340E-2	5.636220E-5	1.007390E+2	9.288600E+1	1.863997E+3
1.006140E+2	9.996420E-3	1.347300E-4	-1.000340E-2	5.366800E-5	1.005220E+2	9.286900E+1	1.867995E+3
1.006410E+2	9.996360E-3	1.315120E-4	-1.000350E-2	5.729200E-5	1.011280E+2	9.286100E+1	1.871997E+3
1.015170E+2	9.996460E-3	1.324420E-4	-1.000340E-2	5.640980E-5	1.016050E+2	9.285300E+1	1.875997E+3
1.020400E+2	9.996480E-3	1.345160E-4	-1.000330E-2	5.128380E-5	1.024010E+2	9.284500E+1	1.880087E+3
1.028810E+2	9.996410E-3	1.327750E-4	-1.000340E-2	5.440710E-5	1.029700E+2	9.283800E+1	1.883996E+3
1.029540E+2	9.996460E-3	1.305100E-4	-1.000340E-2	5.314350E-5	1.029500E+2	9.283000E+1	1.887996E+3
1.032830E+2	9.996360E-3	1.273870E-4	-1.000340E-2	4.839900E-5	1.035290E+2	9.282200E+1	1.891996E+3
1.035440E+2	9.996320E-3	1.291280E-4	-1.000340E-2	5.171300E-5	1.033460E+2	9.280900E+1	1.895996E+3
1.030590E+2	9.996310E-3	1.280070E-4	-1.000340E-2	5.235670E-5	1.028020E+2	9.279700E+1	1.899996E+3
1.024810E+2	9.996230E-3	1.266480E-4	-1.000350E-2	4.878040E-5	1.022350E+2	9.277900E+1	1.903996E+3
1.020360E+2	9.996210E-3	1.319170E-4	-1.000330E-2	4.720690E-5	1.018340E+2	9.275000E+1	1.907997E+3
1.016550E+2	9.996360E-3	1.275300E-4	-1.000340E-2	5.207060E-5	1.014780E+2	9.272000E+1	1.911996E+3
1.013090E+2	9.996310E-3	1.283410E-4	-1.000350E-2	5.245210E-5	1.011430E+2	9.268000E+1	1.915997E+3
1.009900E+2	9.996360E-3	1.346830E-4	-1.000350E-2	4.968640E-5	1.008290E+2	9.264200E+1	1.919997E+3
1.006890E+2	9.996450E-3	1.317020E-4	-1.000340E-2	5.772110E-5	1.005790E+2	9.260000E+1	1.923997E+3
1.005550E+2	9.996450E-3	1.286030E-4	-1.000360E-2	5.199910E-5	1.011280E+2	9.255000E+1	1.927996E+3
1.017760E+2	9.996480E-3	1.308920E-4	-1.000340E-2	5.176070E-5	1.021440E+2	9.249400E+1	1.931996E+3
1.021880E+2	9.996410E-3	1.339440E-4	-1.000340E-2	5.064010E-5	1.023780E+2	9.243800E+1	1.935997E+3
1.025740E+2	9.996400E-3	1.276490E-4	-1.000350E-2	5.416870E-5	1.030750E+2	9.237800E+1	1.939997E+3
1.032270E+2	9.996380E-3	1.305820E-4	-1.000350E-2	5.307200E-5	1.033260E+2	9.230700E+1	1.943996E+3
1.031690E+2	9.996290E-3	1.279350E-4	-1.000350E-2	4.780290E-5	1.032930E+2	9.224900E+1	1.947997E+3
1.037080E+2	9.996280E-3	1.285790E-4	-1.000340E-2	4.918580E-5	1.037450E+2	9.218100E+1	1.951996E+3
1.035430E+2	9.996370E-3	1.282690E-4	-1.000340E-2	4.842280E-5	1.031870E+2	9.211200E+1	1.955997E+3
1.029660E+2	9.996310E-3	1.262430E-4	-1.000350E-2	4.758830E-5	1.025870E+2	9.204600E+1	1.959996E+3
1.023390E+2	9.996340E-3	1.291040E-4	-1.000340E-2	4.746910E-5	1.021080E+2	9.197600E+1	1.963995E+3
1.019030E+2	9.996370E-3	1.276970E-4	-1.000340E-2	5.016330E-5	1.016990E+2	9.190000E+1	1.967996E+3
1.015170E+2	9.996330E-3	1.293900E-4	-1.000340E-2	5.073550E-5	1.013270E+2	9.181600E+1	1.971996E+3
1.011540E+2	9.996300E-3	1.273630E-4	-1.000350E-2	5.204680E-5	1.009770E+2	9.173300E+1	1.975996E+3
1.008130E+2	9.996230E-3	1.267670E-4	-1.000350E-2	5.118850E-5	1.007100E+2	9.158200E+1	1.979997E+3
1.008460E+2	9.996340E-3	1.299140E-4	-1.000350E-2	5.333420E-5	1.011570E+2	9.146800E+1	1.983996E+3
1.012240E+2	9.996390E-3	1.303670E-4	-1.000350E-2	4.858970E-5	1.018190E+2	9.137300E+1	1.987996E+3
1.023940E+2	9.996420E-3	1.286980E-4	-1.000350E-2	5.340580E-5	1.027300E+2	9.128800E+1	1.991996E+3
1.027940E+2	9.996350E-3	1.278880E-4	-1.000350E-2	4.968640E-5	1.026760E+2	9.120700E+1	1.995996E+3
1.029870E+2	9.996500E-3	1.266480E-4	-1.000350E-2	4.854200E-5	1.034130E+2	9.112700E+1	1.999997E+3
1.034860E+2	9.996520E-3	1.283650E-4	-1.000350E-2	4.885200E-5	1.034230E+2	9.105500E+1	2.003997E+3
1.031640E+2	9.996470E-3	1.244540E-4	-1.000350E-2	4.842280E-5	1.034860E+2	9.098200E+1	2.007995E+3
1.036380E+2	9.996310E-3	1.261000E-4	-1.000370E-2	4.663470E-5	1.036160E+2	9.092300E+1	2.012075E+3
1.030020E+2	9.996370E-3	1.222850E-4	-1.000350E-2	4.534720E-5	1.025820E+2	9.086100E+1	2.015996E+3
1.023110E+2	9.996440E-3	1.261000E-4	-1.000350E-2	4.794600E-5	1.020560E+2	9.079800E+1	2.019997E+3
1.018340E+2	9.996320E-3	1.264570E-4	-1.000350E-2	4.980560E-5	1.016040E+2	9.073100E+1	2.024009E+3
1.014070E+2	9.996410E-3	1.271250E-4	-1.000350E-2	5.145070E-5	1.011870E+2	9.067100E+1	2.028086E+3
1.010110E+2	9.996390E-3	1.256470E-4	-1.000350E-2	4.990100E-5	1.008130E+2	9.061900E+1	2.031995E+3
1.006390E+2	9.996350E-3	1.270060E-4	-1.000350E-2	4.839900E-5	1.004520E+2	9.056900E+1	2.035996E+3
1.002830E+2	9.996480E-3	1.274590E-4	-1.000340E-2	5.311970E-5	1.001060E+2	9.052600E+1	2.039996E+3
9.994500E+1	9.996460E-3	1.312490E-4	-1.000340E-2	5.390640E-5	9.977200E+1	9.048900E+1	2.043996E+3
9.961300E+1	9.996410E-3	1.306060E-4	-1.000340E-2	5.142690E-5	9.945400E+1	9.046200E+1	2.047997E+3
9.930400E+1	9.996420E-3	1.268630E-4	-1.000340E-2	5.106930E-5	9.914000E+1	9.044000E+1	2.051996E+3
9.899600E+1	9.996350E-3	1.279120E-4	-1.000340E-2	5.524160E-5	9.884200E+1	9.041700E+1	2.055997E+3
9.869800E+1	9.996440E-3	1.301530E-4	-1.000330E-2	5.252360E-5	9.855000E+1	9.040300E+1	2.059996E+3
9.841200E+1	9.996320E-3	1.335860E-4	-1.000350E-2	5.481240E-5	9.826800E+1	9.039100E+1	2.063997E+3
9.813200E+1	9.996400E-3	1.291750E-4	-1.000350E-2	5.657670E-5	9.798800E+1	9.038300E+1	2.067997E+3
9.785700E+1	9.996340E-3	1.290560E-4	-1.000350E-2	5.776880E-5	9.772200E+1	9.038000E+1	2.071996E+3
9.759700E+1	9.996320E-3	1.341340E-4	-1.000360E-2	5.352500E-5	9.746400E+1	9.037900E+1	2.075996E+3
9.733800E+1	9.996410E-3	1.324650E-4	-1.000360E-2	5.526540E-5	9.721000E+1	9.038900E+1	2.079995E+3
9.709300E+1	9.996380E-3	1.293420E-4	-1.000340E-2	5.640980E-5	9.696000E+1	9.040200E+1	2.083996E+3
9.684700E+1	9.996300E-3	1.303670E-4	-1.000350E-2	5.767350E-5	9.672400E+1	9.041700E+1	2.087996E+3
9.661100E+1	9.996340E-3	1.289840E-4	-1.000360E-2	5.702970E-5	9.649100E+1	9.044200E+1	2.091996E+3
9.638300E+1	9.996250E-3	1.289840E-4	-1.000350E-2	5.824570E-5	9.626600E+1	9.047500E+1	2.095997E+3
9.616100E+1	9.996290E-3	1.260040E-4	-1.000350E-2	5.977150E-5	9.604900E+1	9.050800E+1	2.099996E+3
9.594100E+1	9.996360E-3	1.240250E-4	-1.000350E-2	6.184580E-5	9.583700E+1	9.055600E+1	2.103996E+3
9.573700E+1	9.996280E-3	1.296040E-4	-1.000350E-2	5.972390E-5	9.563200E+1	9.060500E+1	2.107996E+3
9.553500E+1	9.996480E-3	1.287220E-4	-1.000340E-2	6.155970E-5	9.543500E+1	9.066500E+1	2.111997E+3
9.534000E+1	9.996500E-3	1.261950E-4	-1.000340E-2	6.515980E-5	9.524200E+1	9.073700E+1	2.115996E+3
9.515000E+1	9.996390E-3	1.271250E-4	-1.000340E-2	6.070140E-5	9.505900E+1	9.081600E+1	2.119996E+3
9.496900E+1	9.996350E-3	1.251460E-4	-1.000350E-2	6.318090E-5	9.487900E+1	9.090300E+1	2.123995E+3
9.479800E+1	9.996420E-3	1.271250E-4	-1.000360E-2	6.263260E-5	9.471000E+1	9.099900E+1	2.127996E+3
9.462900E+1	9.996430E-3	1.274350E-4	-1.000340E-2	6.520750E-5	9.454200E+1	9.111000E+1	2.131996E+3
9.446800E+1	9.996340E-3	1.285550E-4	-1.000350E-2	6.604190E-5	9.438700E+1	9.122700E+1	2.135997E+3
9.431800E+1	9.996370E-3	1.254800E-4	-1.000350E-2	6.692410E-5	9.423800E+1	9.136400E+1	2.139997E+3
9.416600E+1	9.996590E-3	1.243350E-4	-1.000340E-2	6.828310E-5	9.409700E+1	9.150700E+1	2.143996E+3
9.403000E+1	9.996430E-3	1.267190E-4	-1.000340E-2	6.628040E-5	9.396500E+1	9.165800E+1	2.147996E+3
9.390000E+1	9.996500E-3	1.241680E-4	-1.000340E-2	7.092950E-5	9.383700E+1	9.182100E+1	2.151995E+3
9.377700E+1	9.996470E-3	1.243830E-4	-1.000340E-2	6.890300E-5	9.371500E+1	9.200700E+1	2.155996E+3
9.366100E+1	9.996360E-3	1.262430E-4	-1.000320E-2	7.009510E-5	9.360800E+1	9.220400E+1	2.159995E+3
9.355600E+1	9.996510E-3	1.250740E-4	-1.000340E-2	7.078650E-5	9.350400E+1	9.241400E+1	2.163996E+3
9.345800E+1	9.996450E-3	1.252650E-4	-1.000340E-2	7.319450E-5	9.340900E+1	9.264300E+1	2.167997E+3
9.336700E+1	9.996540E-3	1.245740E-4	-1.000340E-2	7.243160E-5	9.331900E+1	9.288500E+1	2.171997E+3
9.328000E+1	9.996510E-3	1.216890E-4	-1.000340E-2	7.798670E-5	9.324200E+1	9.314200E+1	2.175997E+3
9.320700E+1	9.996540E-3	1.199480E-4	-1.000340E-2	7.565020E-5	9.317400E+1	9.341400E+1	2.179996E+3
9.314200E+1	9.996530E-3	1.201150E-4	-1.000350E-2	7.588860E-5	9.311100E+1	9.370200E+1	2.183996E+3
9.308700E+1	9.996480E-3	1.178030E-4	-1.000350E-2	8.056160E-5	9.305500E+1	9.400100E+1	2.187995E+3
9.303500E+1	9.996370E-3	1.179460E-4	-1.000360E-2	8.149150E-5	9.301100E+1	9.431900E+1	2.191995E+3
9.299500E+1	9.996360E-3	1.158240E-4	-1.000350E-2	8.182530E-5	9.297900E+1	9.465400E+1	2.195997E+3
9.296500E+1	9.996380E-3	1.114610E-4	-1.000350E-2	8.053780E-5	9.295500E+1	9.499700E+1	2.199996E+3
9.294200E+1	9.996420E-3	1.135590E-4	-1.000340E-2	8.208750E-5	9.293900E+1	9.535700E+1	2.203996E+3
9.293200E+1	9.996430E-3	1.128910E-4	-1.000340E-2	8.509160E-5	9.292900E+1	9.574000E+1	2.207997E+3
9.292400E+1	9.996370E-3	1.114610E-4	-1.000350E-2	8.699890E-5	9.292700E+1	9.613400E+1	2.211997E+3
9.293400E+1	9.996370E-3	1.133440E-4	-1.000350E-2	8.852480E-5	9.293900E+1	9.654500E+1	2.215996E+3
9.294900E+1	9.996350E-3	1.134870E-4	-1.000340E-2	8.511540E-5	9.295600E+1	9.696800E+1	2.219997E+3
9.297300E+1	9.996500E-3	1.153710E-4	-1.000350E-2	8.580680E-5	9.298900E+1	9.740000E+1	2.223996E+3
9.300400E+1	9.996400E-3	1.132490E-4	-1.000340E-2	8.373260E-5	9.302300E+1	9.784600E+1	2.227997E+3
9.304800E+1	9.996360E-3	1.153710E-4	-1.000350E-2	8.311270E-5	9.307600E+1	9.830300E+1	2.231997E+3
9.309800E+1	9.996400E-3	1.157280E-4	-1.000350E-2	8.094310E-5	9.313000E+1	9.876200E+1	2.235996E+3
9.316100E+1	9.996440E-3	1.171110E-4	-1.000340E-2	8.041860E-5	9.319600E+1	9.923800E+1	2.239996E+3
9.323500E+1	9.996470E-3	1.187320E-4	-1.000340E-2	8.025170E-5	9.327500E+1	9.971800E+1	2.243997E+3
9.331400E+1	9.996470E-3	1.218080E-4	-1.000350E-2	7.951260E-5	9.335800E+1	1.002060E+2	2.247996E+3
9.339900E+1	9.996330E-3	1.211640E-4	-1.000330E-2	7.538800E-5	9.345400E+1	1.007110E+2	2.251996E+3
9.350500E+1	9.996410E-3	1.234770E-4	-1.000340E-2	7.588860E-5	9.356500E+1	1.012480E+2	2.255995E+3
9.363200E+1	9.996450E-3	1.247640E-4	-1.000350E-2	7.691380E-5	9.372600E+1	1.017070E+2	2.259997E+3
9.380800E+1	9.996390E-3	1.275300E-4	-1.000340E-2	7.417200E-5	9.389300E+1	1.015870E+2	2.263996E+3
9.396800E+1	9.996490E-3	1.401420E-4	-1.000340E-2	7.321830E-5	9.405000E+1	1.012100E+2	2.267996E+3
9.411600E+1	9.996490E-3	1.286270E-4	-1.000350E-2	7.123950E-5	9.418700E+1	1.008760E+2	2.271997E+3
9.425600E+1	9.996440E-3	1.311300E-4	-1.000340E-2	7.109640E-5	9.431800E+1	1.005700E+2	2.275995E+3
9.437200E+1	9.996450E-3	1.289370E-4	-1.000340E-2	7.464890E-5	9.442800E+1	1.002570E+2	2.279996E+3
9.447600E+1	9.996430E-3	1.307730E-4	-1.000330E-2	6.885530E-5	9.452500E+1	1.000270E+2	2.283995E+3
9.456800E+1	9.996480E-3	1.302720E-4	-1.000330E-2	6.892680E-5	9.460600E+1	9.977700E+1	2.287996E+3
9.464500E+1	9.996530E-3	1.310110E-4	-1.000350E-2	7.116790E-5	9.467800E+1	9.953700E+1	2.291997E+3
9.471200E+1	9.996450E-3	1.321080E-4	-1.000350E-2	6.804470E-5	9.474300E+1	9.917700E+1	2.295996E+3
9.476500E+1	9.996300E-3	1.299860E-4	-1.000360E-2	6.814000E-5	9.479100E+1	9.840700E+1	2.299996E+3
9.480500E+1	9.996450E-3	1.288180E-4	-1.000360E-2	6.752010E-5	9.481700E+1	9.745200E+1	2.303997E+3
9.482900E+1	9.996320E-3	1.270530E-4	-1.000350E-2	6.496910E-5	9.482700E+1	9.642100E+1	2.307996E+3
9.481800E+1	9.996360E-3	1.275300E-4	-1.000360E-2	6.546970E-5	9.480400E+1	9.536800E+1	2.311996E+3
9.478400E+1	9.996410E-3	1.264810E-4	-1.000350E-2	6.368160E-5	9.475300E+1	9.433100E+1	2.315997E+3
9.471300E+1	9.996440E-3	1.278160E-4	-1.000360E-2	6.551740E-5	9.466500E+1	9.336900E+1	2.319995E+3
9.461100E+1	9.996360E-3	1.279350E-4	-1.000350E-2	6.356240E-5	9.455000E+1	9.241500E+1	2.323995E+3
9.448200E+1	9.996340E-3	1.226660E-4	-1.000360E-2	6.299020E-5	9.440100E+1	9.144000E+1	2.327996E+3
9.432200E+1	9.996440E-3	1.232860E-4	-1.000350E-2	6.439690E-5	9.422900E+1	9.042800E+1	2.331997E+3
9.413100E+1	9.996370E-3	1.221180E-4	-1.000340E-2	5.974770E-5	9.401800E+1	8.940700E+1	2.335996E+3
9.390700E+1	9.996470E-3	1.220460E-4	-1.000350E-2	6.253720E-5	9.378600E+1	8.838100E+1	2.339995E+3
9.366000E+1	9.996510E-3	1.201870E-4	-1.000350E-2	6.432530E-5	9.351000E+1	8.730200E+1	2.343996E+3
9.336300E+1	9.996490E-3	1.114610E-4	-1.000350E-2	5.762580E-5	9.320700E+1	8.567400E+1	2.347996E+3
9.303100E+1	9.996480E-3	1.158000E-4	-1.000350E-2	7.505420E-5	9.170800E+1	8.333000E+1	2.351998E+3
8.976600E+1	9.996410E-3	8.544920E-5	-1.000350E-2	1.044990E-4	8.808100E+1	8.219400E+1	2.355997E+3
8.698200E+1	9.996330E-3	7.128720E-5	-1.000360E-2	1.049040E-4	8.616600E+1	8.146000E+1	2.359996E+3
8.554300E+1	9.996380E-3	7.359980E-5	-1.000360E-2	1.179460E-4	8.494400E+1	8.087500E+1	2.363997E+3
8.442100E+1	9.996340E-3	8.552070E-5	-1.000350E-2	1.188040E-4	8.390100E+1	8.048600E+1	2.367997E+3
8.337300E+1	9.996380E-3	8.311270E-5	-1.000360E-2	1.190190E-4	8.280200E+1	8.026200E+1	2.371996E+3
8.247500E+1	9.996280E-3	8.535390E-5	-1.000360E-2	1.189950E-4	8.252400E+1	8.020000E+1	2.375997E+3
8.261800E+1	9.996290E-3	8.208750E-5	-1.000350E-2	1.150610E-4	8.262400E+1	8.020300E+1	2.379996E+3
8.282700E+1	9.996410E-3	9.219650E-5	-1.000350E-2	1.127480E-4	8.302000E+1	8.020100E+1	2.383996E+3
8.273900E+1	9.996270E-3	8.037090E-5	-1.000360E-2	1.161580E-4	8.270500E+1	8.021000E+1	2.387995E+3
8.282500E+1	9.996300E-3	7.729530E-5	-1.000350E-2	1.143220E-4	8.303700E+1	8.020600E+1	2.391996E+3
8.298400E+1	9.996400E-3	8.161070E-5	-1.000340E-2	1.144650E-4	8.278000E+1	8.021900E+1	2.395996E+3
8.277900E+1	9.996420E-3	8.203980E-5	-1.000340E-2	1.196620E-4	8.318600E+1	8.023500E+1	2.399996E+3
8.305700E+1	9.996470E-3	8.006100E-5	-1.000330E-2	1.099350E-4	8.284800E+1	8.030200E+1	2.403996E+3
8.310700E+1	9.996510E-3	7.693770E-5	-1.000330E-2	1.157520E-4	8.332800E+1	8.033600E+1	2.407996E+3
8.334800E+1	9.996510E-3	7.905960E-5	-1.000330E-2	1.142500E-4	8.336000E+1	8.047600E+1	2.411996E+3
8.329000E+1	9.996420E-3	8.125310E-5	-1.000340E-2	1.149890E-4	8.329600E+1	8.074600E+1	2.415996E+3
8.338500E+1	9.996410E-3	8.203980E-5	-1.000360E-2	1.135110E-4	8.354000E+1	8.054200E+1	2.419997E+3
8.364100E+1	9.996440E-3	8.063320E-5	-1.000350E-2	1.149650E-4	8.341300E+1	8.052000E+1	2.423996E+3
8.319800E+1	9.996310E-3	7.791520E-5	-1.000350E-2	1.166580E-4	8.364600E+1	8.045700E+1	2.427997E+3
8.355200E+1	9.996340E-3	8.087160E-5	-1.000360E-2	1.177550E-4	8.340900E+1	8.028900E+1	2.431997E+3
8.327500E+1	9.996440E-3	8.022790E-5	-1.000360E-2	1.142020E-4	8.340900E+1	8.010100E+1	2.435997E+3
8.343400E+1	9.996420E-3	7.703300E-5	-1.000350E-2	1.133920E-4	8.336600E+1	7.995100E+1	2.439997E+3
8.310700E+1	9.996440E-3	9.202960E-5	-1.000340E-2	1.163010E-4	8.289100E+1	7.986100E+1	2.443996E+3
8.284100E+1	9.996430E-3	9.300710E-5	-1.000360E-2	1.122240E-4	8.305700E+1	7.984800E+1	2.447996E+3
8.308000E+1	9.996290E-3	7.743840E-5	-1.000350E-2	1.120810E-4	8.296700E+1	7.992900E+1	2.451997E+3
8.284000E+1	9.996340E-3	7.534030E-5	-1.000350E-2	1.164440E-4	8.284200E+1	8.006800E+1	2.455997E+3
8.315300E+1	9.996500E-3	9.248260E-5	-1.000350E-2	1.121280E-4	8.326900E+1	8.014800E+1	2.459995E+3
8.320200E+1	9.996490E-3	7.891650E-5	-1.000350E-2	1.127960E-4	8.292500E+1	8.017000E+1	2.463997E+3
8.300700E+1	9.996360E-3	7.491110E-5	-1.000340E-2	1.131300E-4	8.317900E+1	8.016600E+1	2.467996E+3
8.330900E+1	9.996300E-3	7.858280E-5	-1.000340E-2	1.138210E-4	8.324600E+1	8.014300E+1	2.471997E+3
8.309700E+1	9.996380E-3	7.736680E-5	-1.000360E-2	1.149650E-4	8.296700E+1	8.011400E+1	2.475996E+3
8.309400E+1	9.996380E-3	8.003710E-5	-1.000350E-2	1.166580E-4	8.324800E+1	8.009000E+1	2.479996E+3
8.329200E+1	9.996370E-3	8.060930E-5	-1.000340E-2	1.108410E-4	8.319600E+1	8.005800E+1	2.483997E+3
8.302500E+1	9.996300E-3	7.772450E-5	-1.000350E-2	1.141310E-4	8.291700E+1	8.002800E+1	2.487997E+3
8.314800E+1	9.996270E-3	8.306500E-5	-1.000340E-2	1.139160E-4	8.324800E+1	8.000300E+1	2.491997E+3
8.320400E+1	9.996360E-3	8.368490E-5	-1.000350E-2	1.133200E-4	8.311000E+1	7.998800E+1	2.495995E+3
8.292700E+1	9.996360E-3	7.479190E-5	-1.000350E-2	1.136300E-4	8.289200E+1	7.998000E+1	2.499995E+3
8.307700E+1	9.996380E-3	7.793900E-5	-1.000350E-2	1.160140E-4	8.321100E+1	7.998200E+1	2.503996E+3
8.314600E+1	9.996430E-3	8.037090E-5	-1.000340E-2	1.143460E-4	8.298200E+1	7.998300E+1	2.507997E+3
8.282000E+1	9.996450E-3	7.874970E-5	-1.000350E-2	1.141070E-4	8.296400E+1	7.999000E+1	2.511997E+3
8.318400E+1	9.996400E-3	7.650850E-5	-1.000350E-2	1.126770E-4	8.304300E+1	7.999700E+1	2.515995E+3
8.290000E+1	9.996410E-3	7.946490E-5	-1.000350E-2	1.161100E-4	8.281800E+1	8.000600E+1	2.519996E+3
8.299800E+1	9.996540E-3	8.993150E-5	-1.000360E-2	1.143460E-4	8.315800E+1	8.002200E+1	2.523995E+3
8.302700E+1	9.996590E-3	8.640290E-5	-1.000330E-2	1.152750E-4	8.292600E+1	8.003200E+1	2.527996E+3
8.285100E+1	9.996620E-3	9.005070E-5	-1.000330E-2	1.127240E-4	8.291900E+1	8.004300E+1	2.531996E+3
8.321700E+1	9.996490E-3	7.860660E-5	-1.000340E-2	1.146320E-4	8.304100E+1	8.005600E+1	2.535997E+3
8.287700E+1	9.996440E-3	8.156300E-5	-1.000330E-2	1.173020E-4	8.285000E+1	8.006200E+1	2.539996E+3
8.323100E+1	9.996440E-3	7.877350E-5	-1.000320E-2	1.095060E-4	8.309700E+1	8.007300E+1	2.543997E+3
8.275100E+1	9.996390E-3	7.901190E-5	-1.000350E-2	1.148700E-4	8.311000E+1	8.014000E+1	2.547997E+3
8.320200E+1	9.996400E-3	8.037090E-5	-1.000330E-2	1.146080E-4	8.311300E+1	8.016900E+1	2.551995E+3
8.296300E+1	9.996420E-3	8.106230E-5	-1.000340E-2	1.135350E-4	8.294100E+1	8.020100E+1	2.555997E+3
8.301300E+1	9.996260E-3	7.719990E-5	-1.000350E-2	1.115320E-4	8.327800E+1	8.022400E+1	2.559997E+3
8.287900E+1	9.996420E-3	7.843970E-5	-1.000350E-2	1.159910E-4	8.303500E+1	8.024100E+1	2.563996E+3
8.332300E+1	9.996350E-3	8.175370E-5	-1.000350E-2	1.146550E-4	8.330000E+1	8.024000E+1	2.567996E+3
8.316500E+1	9.996380E-3	8.153920E-5	-1.000340E-2	1.126290E-4	8.283300E+1	8.024100E+1	2.571995E+3
8.321700E+1	9.996390E-3	7.932190E-5	-1.000330E-2	1.154900E-4	8.330000E+1	8.022400E+1	2.575997E+3
8.314700E+1	9.996470E-3	7.839200E-5	-1.000350E-2	1.160140E-4	8.303800E+1	8.020600E+1	2.579996E+3
