The operator was: Angelo Bossi
The sample measure was: Cable
The sample was biased using: 10E-3 Amps
Comments:
test run to see how the program works

Tbefore	        I+	        V+	        I-	        V-	        Tafter	        Tbase	        Time
8.298800E+1	9.996400E-3	8.728500E-5	-1.000350E-2	1.091240E-4	8.315800E+1	8.016300E+1	1.700000E+1
8.296800E+1	9.996490E-3	7.672310E-5	-1.000330E-2	1.107930E-4	8.285200E+1	8.022400E+1	2.100000E+1
8.331700E+1	9.996470E-3	7.622240E-5	-1.000340E-2	1.132490E-4	8.335800E+1	8.031700E+1	2.499900E+1
8.324500E+1	9.996400E-3	7.739070E-5	-1.000350E-2	1.129870E-4	8.315900E+1	8.040600E+1	2.899900E+1
8.298200E+1	9.996480E-3	7.495880E-5	-1.000340E-2	1.145600E-4	8.349300E+1	8.044700E+1	3.300000E+1
8.317600E+1	9.996500E-3	8.215900E-5	-1.000350E-2	1.187320E-4	8.303600E+1	8.047800E+1	3.700000E+1
8.347600E+1	9.996440E-3	7.867810E-5	-1.000350E-2	1.206870E-4	8.351600E+1	8.046900E+1	4.100000E+1
8.322200E+1	9.996400E-3	8.246900E-5	-1.000370E-2	1.254560E-4	8.319600E+1	8.044500E+1	4.500000E+1
8.338600E+1	9.996440E-3	9.005070E-5	-1.000340E-2	1.183990E-4	8.362400E+1	8.039700E+1	4.900000E+1
8.351300E+1	9.996520E-3	8.547310E-5	-1.000350E-2	1.255750E-4	8.341800E+1	8.032600E+1	5.299900E+1
8.327500E+1	9.996400E-3	9.393690E-5	-1.000350E-2	1.240970E-4	8.314500E+1	8.022300E+1	5.700000E+1
8.332700E+1	9.996430E-3	1.093630E-4	-1.000350E-2	1.370190E-4	8.326900E+1	8.011100E+1	6.100000E+1
8.304300E+1	9.996470E-3	-4.752640E-4	-1.000350E-2	2.688410E-4	8.296000E+1	8.008400E+1	6.500000E+1
8.323900E+1	9.996350E-3	8.466240E-5	-1.000360E-2	1.162770E-4	8.325200E+1	7.994600E+1	6.900100E+1
8.313700E+1	9.996350E-3	8.163450E-5	-1.000350E-2	1.130580E-4	8.299800E+1	7.990800E+1	7.300100E+1
8.284100E+1	9.996320E-3	8.113380E-5	-1.000350E-2	1.160140E-4	8.283800E+1	7.989500E+1	7.700000E+1
8.307300E+1	9.996320E-3	7.789140E-5	-1.000330E-2	1.146320E-4	8.309900E+1	7.990600E+1	8.100000E+1
8.297600E+1	9.996460E-3	7.884500E-5	-1.000350E-2	1.162530E-4	8.283400E+1	7.992600E+1	8.500000E+1
8.274000E+1	9.996280E-3	7.646080E-5	-1.000350E-2	1.144650E-4	8.289400E+1	7.996300E+1	8.900000E+1
8.314700E+1	9.996320E-3	8.919240E-5	-1.000360E-2	1.157760E-4	8.308400E+1	8.002500E+1	9.300000E+1
8.296000E+1	9.996210E-3	7.743840E-5	-1.000350E-2	1.145840E-4	8.287800E+1	8.009300E+1	9.699900E+1
8.284100E+1	9.996300E-3	8.087160E-5	-1.000340E-2	1.136540E-4	8.324100E+1	8.014900E+1	1.010000E+2
8.309300E+1	9.996360E-3	7.689000E-5	-1.000340E-2	1.188990E-4	8.299000E+1	8.021200E+1	1.050010E+2
8.296800E+1	9.996290E-3	7.863050E-5	-1.000340E-2	1.122470E-4	8.332900E+1	8.027600E+1	1.090010E+2
8.318900E+1	9.996420E-3	8.003710E-5	-1.000350E-2	1.142740E-4	8.308900E+1	8.035700E+1	1.130000E+2
8.307100E+1	9.996390E-3	7.753370E-5	-1.000340E-2	1.148700E-4	8.322500E+1	8.040500E+1	1.170010E+2
8.347300E+1	9.996430E-3	7.851120E-5	-1.000340E-2	1.122470E-4	8.344200E+1	8.042400E+1	1.210000E+2
8.334000E+1	9.996440E-3	7.669930E-5	-1.000350E-2	1.143220E-4	8.323300E+1	8.044700E+1	1.250010E+2
8.314400E+1	9.996390E-3	7.703300E-5	-1.000350E-2	1.173970E-4	8.312400E+1	8.036400E+1	1.290000E+2
8.344600E+1	9.996280E-3	8.256440E-5	-1.000350E-2	1.145120E-4	8.337200E+1	8.025200E+1	1.330010E+2
8.298900E+1	9.996320E-3	8.323190E-5	-1.000340E-2	1.192570E-4	8.319000E+1	8.014000E+1	1.370000E+2
8.345200E+1	9.996340E-3	7.703300E-5	-1.000350E-2	1.150610E-4	8.347000E+1	8.005700E+1	1.409990E+2
8.336000E+1	9.996300E-3	7.994180E-5	-1.000350E-2	1.167770E-4	8.327600E+1	7.998900E+1	1.450000E+2
8.314200E+1	9.996390E-3	8.487700E-5	-1.000360E-2	1.172070E-4	8.333700E+1	7.994800E+1	1.490000E+2
8.360100E+1	9.996390E-3	8.225440E-5	-1.000360E-2	1.159190E-4	8.368200E+1	7.991500E+1	1.529990E+2
8.340600E+1	9.996400E-3	7.903580E-5	-1.000360E-2	1.149180E-4	8.332700E+1	7.994100E+1	1.569990E+2
8.337000E+1	9.996390E-3	8.111000E-5	-1.000350E-2	1.162770E-4	8.353100E+1	7.998400E+1	1.609990E+2
8.372500E+1	9.996440E-3	8.244510E-5	-1.000340E-2	1.197100E-4	8.345900E+1	8.007300E+1	1.649990E+2
8.333900E+1	9.996500E-3	8.175370E-5	-1.000340E-2	1.180170E-4	8.353900E+1	8.016000E+1	1.690000E+2
8.379600E+1	9.996510E-3	9.307860E-5	-1.000350E-2	1.159190E-4	8.365200E+1	8.030300E+1	1.730000E+2
8.350800E+1	9.996380E-3	8.013250E-5	-1.000350E-2	1.139880E-4	8.330500E+1	8.059100E+1	1.770000E+2
8.345500E+1	9.996350E-3	8.316040E-5	-1.000360E-2	1.174690E-4	8.367400E+1	8.097600E+1	1.810000E+2
8.372900E+1	9.996420E-3	8.602140E-5	-1.000360E-2	1.216170E-4	8.348200E+1	8.142000E+1	1.850000E+2
8.328200E+1	9.996380E-3	8.533000E-5	-1.000360E-2	1.214500E-4	8.367700E+1	8.193900E+1	1.890000E+2
8.387300E+1	9.996520E-3	8.776190E-5	-1.000350E-2	1.188520E-4	8.392200E+1	8.252700E+1	1.930000E+2
8.385200E+1	9.996460E-3	8.749960E-5	-1.000350E-2	1.211170E-4	8.376300E+1	8.316300E+1	1.970010E+2
8.373100E+1	9.996380E-3	8.935930E-5	-1.000350E-2	1.209500E-4	8.425500E+1	8.380700E+1	2.010010E+2
8.446700E+1	9.996440E-3	8.757110E-5	-1.000370E-2	1.242160E-4	8.451700E+1	8.452500E+1	2.050000E+2
8.425300E+1	9.996290E-3	9.126660E-5	-1.000360E-2	1.241680E-4	8.407400E+1	8.532400E+1	2.090000E+2
8.409900E+1	9.996390E-3	9.238720E-5	-1.000350E-2	1.277210E-4	8.382600E+1	8.615000E+1	2.130000E+2
8.332300E+1	9.996390E-3	9.105210E-5	-1.000350E-2	1.272920E-4	8.298200E+1	8.699400E+1	2.170010E+2
8.271500E+1	9.996430E-3	9.529590E-5	-1.000350E-2	1.279590E-4	8.245200E+1	8.785000E+1	2.210000E+2
8.222900E+1	9.996420E-3	9.224410E-5	-1.000340E-2	1.247170E-4	8.200300E+1	8.871400E+1	2.249990E+2
8.180300E+1	9.996360E-3	9.284020E-5	-1.000340E-2	1.298900E-4	8.160700E+1	8.959400E+1	2.290000E+2
8.143400E+1	9.996350E-3	9.131430E-5	-1.000350E-2	1.301050E-4	8.126500E+1	9.047300E+1	2.330000E+2
8.112100E+1	9.996440E-3	9.481910E-5	-1.000340E-2	1.259090E-4	8.097100E+1	9.135900E+1	2.370010E+2
8.084500E+1	9.996550E-3	9.326940E-5	-1.000340E-2	1.320600E-4	8.072100E+1	9.224100E+1	2.410000E+2
8.061800E+1	9.996530E-3	9.276870E-5	-1.000340E-2	1.304150E-4	8.051400E+1	9.313100E+1	2.449990E+2
8.043800E+1	9.996500E-3	9.312630E-5	-1.000340E-2	1.272440E-4	8.035600E+1	9.401300E+1	2.490000E+2
8.031500E+1	9.996420E-3	9.472370E-5	-1.000350E-2	1.297470E-4	8.035400E+1	9.489900E+1	2.530000E+2
8.056700E+1	9.996400E-3	9.484290E-5	-1.000360E-2	1.311300E-4	8.122500E+1	9.577900E+1	2.569990E+2
8.181300E+1	9.996460E-3	9.629730E-5	-1.000370E-2	1.332040E-4	8.232100E+1	9.665700E+1	2.610000E+2
8.265400E+1	9.996350E-3	9.555820E-5	-1.000360E-2	1.312260E-4	8.269300E+1	9.752700E+1	2.650010E+2
8.332100E+1	9.996470E-3	9.560590E-5	-1.000360E-2	1.321320E-4	8.363300E+1	9.840100E+1	2.689990E+2
8.392900E+1	9.996530E-3	9.560590E-5	-1.000350E-2	1.320600E-4	8.365500E+1	9.926600E+1	2.730010E+2
8.335200E+1	9.996360E-3	9.734630E-5	-1.000350E-2	1.359460E-4	8.306500E+1	1.001320E+2	2.770000E+2
8.291000E+1	9.996430E-3	1.037840E-4	-1.000350E-2	1.366620E-4	8.277900E+1	1.009910E+2	2.810000E+2
8.267300E+1	9.996300E-3	1.025920E-4	-1.000360E-2	1.352070E-4	8.257100E+1	1.018470E+2	2.850000E+2
8.248600E+1	9.996360E-3	9.815690E-5	-1.000340E-2	1.383300E-4	8.240900E+1	1.026920E+2	2.890010E+2
8.233900E+1	9.996390E-3	1.018290E-4	-1.000350E-2	1.364230E-4	8.227500E+1	1.035390E+2	2.930000E+2
8.222000E+1	9.996490E-3	1.056190E-4	-1.000360E-2	1.424310E-4	8.217100E+1	1.043860E+2	2.969990E+2
8.213500E+1	9.996400E-3	1.049520E-4	-1.000350E-2	1.387360E-4	8.210100E+1	1.052300E+2	3.009990E+2
8.207600E+1	9.996370E-3	1.070260E-4	-1.000350E-2	1.405950E-4	8.205900E+1	1.060710E+2	3.050010E+2
8.204800E+1	9.996460E-3	1.069070E-4	-1.000350E-2	1.420740E-4	8.204300E+1	1.069090E+2	3.090010E+2
8.204600E+1	9.996440E-3	1.075510E-4	-1.000350E-2	1.419070E-4	8.205300E+1	1.077430E+2	3.130000E+2
8.206200E+1	9.996370E-3	1.087900E-4	-1.000350E-2	1.425980E-4	8.208100E+1	1.085790E+2	3.170000E+2
8.210500E+1	9.996430E-3	1.064300E-4	-1.000350E-2	1.496080E-4	8.213300E+1	1.094050E+2	3.210010E+2
8.216400E+1	9.996330E-3	1.106260E-4	-1.000370E-2	1.436710E-4	8.220100E+1	1.102260E+2	3.250010E+2
8.224000E+1	9.996420E-3	1.122470E-4	-1.000350E-2	1.496790E-4	8.228900E+1	1.110410E+2	3.290000E+2
8.233300E+1	9.996430E-3	1.105070E-4	-1.000370E-2	1.482960E-4	8.238600E+1	1.118520E+2	3.330010E+2
8.244200E+1	9.996310E-3	1.113180E-4	-1.000360E-2	1.477720E-4	8.249800E+1	1.126550E+2	3.370000E+2
8.255700E+1	9.996340E-3	1.137260E-4	-1.000360E-2	1.473670E-4	8.262100E+1	1.134530E+2	3.410000E+2
8.267700E+1	9.996400E-3	1.151080E-4	-1.000350E-2	1.502750E-4	8.274700E+1	1.142530E+2	3.450000E+2
8.281300E+1	9.996450E-3	1.177550E-4	-1.000350E-2	1.543050E-4	8.288200E+1	1.150410E+2	3.490010E+2
8.295200E+1	9.996330E-3	1.192330E-4	-1.000360E-2	1.523730E-4	8.302900E+1	1.158270E+2	3.530010E+2
8.310400E+1	9.996320E-3	1.176600E-4	-1.000360E-2	1.509670E-4	8.318500E+1	1.166080E+2	3.569990E+2
8.325800E+1	9.996380E-3	1.172780E-4	-1.000340E-2	1.541610E-4	8.334200E+1	1.173790E+2	3.610010E+2
8.342100E+1	9.996380E-3	1.197810E-4	-1.000350E-2	1.563310E-4	8.350600E+1	1.181510E+2	3.650000E+2
8.358600E+1	9.996370E-3	1.202820E-4	-1.000350E-2	1.543050E-4	8.367400E+1	1.189130E+2	3.690010E+2
8.375900E+1	9.996390E-3	1.220700E-4	-1.000360E-2	1.560210E-4	8.384800E+1	1.196730E+2	3.730000E+2
8.393500E+1	9.996310E-3	1.215930E-4	-1.000360E-2	1.567840E-4	8.402700E+1	1.204270E+2	3.770000E+2
8.411600E+1	9.996430E-3	1.222370E-4	-1.000340E-2	1.592400E-4	8.420600E+1	1.211770E+2	3.810000E+2
8.429900E+1	9.996330E-3	1.213070E-4	-1.000340E-2	1.610760E-4	8.439400E+1	1.219220E+2	3.849990E+2
8.448400E+1	9.996390E-3	1.236440E-4	-1.000350E-2	1.577620E-4	8.458200E+1	1.226640E+2	3.889990E+2
8.467300E+1	9.996350E-3	1.255270E-4	-1.000360E-2	1.610760E-4	8.477300E+1	1.234010E+2	3.930010E+2
8.486300E+1	9.996430E-3	1.256700E-4	-1.000360E-2	1.630070E-4	8.496700E+1	1.241300E+2	3.970000E+2
8.506000E+1	9.996280E-3	1.253600E-4	-1.000360E-2	1.613860E-4	8.516100E+1	1.248550E+2	4.010000E+2
8.525800E+1	9.996300E-3	1.251220E-4	-1.000360E-2	1.590490E-4	8.536700E+1	1.255780E+2	4.050000E+2
8.546200E+1	9.996340E-3	1.254080E-4	-1.000370E-2	1.579050E-4	8.557100E+1	1.262960E+2	4.089990E+2
8.567100E+1	9.996480E-3	1.253130E-4	-1.000360E-2	1.613140E-4	8.578600E+1	1.270090E+2	4.129990E+2
8.588900E+1	9.996390E-3	1.268390E-4	-1.000350E-2	1.600270E-4	8.600500E+1	1.277200E+2	4.170000E+2
8.611200E+1	9.996360E-3	1.254320E-4	-1.000360E-2	1.606460E-4	8.622900E+1	1.284220E+2	4.210000E+2
8.633800E+1	9.996220E-3	1.249310E-4	-1.000360E-2	1.619340E-4	8.645300E+1	1.291290E+2	4.250000E+2
8.656700E+1	9.996260E-3	1.269580E-4	-1.000370E-2	1.629350E-4	8.669800E+1	1.298300E+2	4.290000E+2
8.681500E+1	9.996330E-3	1.296280E-4	-1.000380E-2	1.626730E-4	8.695300E+1	1.305230E+2	4.330010E+2
8.708600E+1	9.996290E-3	1.271720E-4	-1.000370E-2	1.610040E-4	8.723000E+1	1.312180E+2	4.370000E+2
8.737500E+1	9.996270E-3	1.288650E-4	-1.000360E-2	1.616240E-4	8.753500E+1	1.319030E+2	4.410000E+2
8.768900E+1	9.996300E-3	1.284840E-4	-1.000360E-2	1.658680E-4	8.785800E+1	1.325900E+2	4.449990E+2
8.802700E+1	9.996320E-3	1.326320E-4	-1.000360E-2	1.646280E-4	8.821200E+1	1.332650E+2	4.489990E+2
8.839200E+1	9.996290E-3	1.338240E-4	-1.000360E-2	1.710410E-4	8.859200E+1	1.339440E+2	4.530000E+2
8.878600E+1	9.996380E-3	1.351830E-4	-1.000360E-2	1.719470E-4	8.900800E+1	1.346220E+2	4.570010E+2
8.921600E+1	9.996360E-3	1.337770E-4	-1.000350E-2	1.702550E-4	8.946000E+1	1.352940E+2	4.610010E+2
8.970000E+1	9.996160E-3	1.387120E-4	-1.000360E-2	1.716850E-4	8.997200E+1	1.359620E+2	4.650000E+2
9.023800E+1	9.996260E-3	1.384970E-4	-1.000360E-2	1.719470E-4	9.053300E+1	1.366300E+2	4.690000E+2
9.082700E+1	9.996280E-3	1.386170E-4	-1.000370E-2	1.773120E-4	9.116000E+1	1.372910E+2	4.730010E+2
9.147700E+1	9.996250E-3	1.403090E-4	-1.000360E-2	1.775260E-4	9.183600E+1	1.379490E+2	4.769990E+2
9.217600E+1	9.996310E-3	1.404290E-4	-1.000370E-2	1.719000E-4	9.255700E+1	1.386050E+2	4.809990E+2
9.292200E+1	9.996350E-3	1.333710E-4	-1.000360E-2	1.729970E-4	9.331500E+1	1.392580E+2	4.850000E+2
9.369000E+1	9.996290E-3	1.371620E-4	-1.000360E-2	1.673460E-4	9.409900E+1	1.399130E+2	4.890010E+2
9.448300E+1	9.996230E-3	1.297710E-4	-1.000350E-2	1.622680E-4	9.490100E+1	1.405640E+2	4.930000E+2
9.529300E+1	9.996370E-3	1.352310E-4	-1.000350E-2	1.491550E-4	9.570900E+1	1.412110E+2	4.970000E+2
9.610700E+1	9.996170E-3	1.487020E-4	-1.000360E-2	1.347780E-4	9.653200E+1	1.418590E+2	5.009990E+2
9.692900E+1	9.996330E-3	1.639370E-4	-1.000350E-2	1.146320E-4	9.735600E+1	1.424980E+2	5.050000E+2
9.775700E+1	9.996360E-3	1.736400E-4	-1.000350E-2	1.113180E-4	9.818400E+1	1.431400E+2	5.089990E+2
9.858900E+1	9.996310E-3	1.717570E-4	-1.000360E-2	1.078610E-4	9.901700E+1	1.437730E+2	5.130000E+2
9.942100E+1	9.996400E-3	1.714710E-4	-1.000350E-2	1.028060E-4	9.984500E+1	1.444050E+2	5.170000E+2
1.002410E+2	9.996330E-3	1.729010E-4	-1.000350E-2	1.026390E-4	1.006670E+2	1.450350E+2	5.210000E+2
1.010650E+2	9.996420E-3	1.728770E-4	-1.000350E-2	9.796620E-5	1.014890E+2	1.456630E+2	5.250010E+2
1.018830E+2	9.996530E-3	1.739260E-4	-1.000350E-2	9.591580E-5	1.023040E+2	1.462860E+2	5.290000E+2
1.026980E+2	9.996520E-3	1.730440E-4	-1.000360E-2	9.648800E-5	1.031150E+2	1.469080E+2	5.330000E+2
1.035030E+2	9.996490E-3	1.720430E-4	-1.000350E-2	9.858610E-5	1.039200E+2	1.475210E+2	5.370010E+2
1.043080E+2	9.996470E-3	1.759290E-4	-1.000350E-2	9.403230E-5	1.047220E+2	1.481360E+2	5.410000E+2
1.051040E+2	9.996460E-3	1.754520E-4	-1.000350E-2	9.312630E-5	1.055170E+2	1.487450E+2	5.450000E+2
1.059000E+2	9.996480E-3	1.755240E-4	-1.000340E-2	9.264950E-5	1.063140E+2	1.493490E+2	5.490010E+2
1.066950E+2	9.996460E-3	1.730200E-4	-1.000350E-2	9.300710E-5	1.071020E+2	1.499490E+2	5.530010E+2
1.074840E+2	9.996390E-3	1.756670E-4	-1.000360E-2	8.983610E-5	1.078940E+2	1.505480E+2	5.570010E+2
1.082790E+2	9.996350E-3	1.772400E-4	-1.000360E-2	8.950230E-5	1.086900E+2	1.511420E+2	5.609990E+2
1.090790E+2	9.996300E-3	1.756670E-4	-1.000360E-2	8.795260E-5	1.094870E+2	1.517320E+2	5.650000E+2
1.098770E+2	9.996350E-3	1.766920E-4	-1.000360E-2	8.714200E-5	1.102920E+2	1.523250E+2	5.689990E+2
1.106800E+2	9.996370E-3	1.785990E-4	-1.000350E-2	8.327960E-5	1.111000E+2	1.529090E+2	5.730000E+2
1.114870E+2	9.996340E-3	1.740460E-4	-1.000350E-2	8.430480E-5	1.119050E+2	1.534970E+2	5.770010E+2
1.123010E+2	9.996410E-3	1.765250E-4	-1.000360E-2	8.609300E-5	1.127260E+2	1.540760E+2	5.810000E+2
1.131230E+2	9.996320E-3	1.755000E-4	-1.000350E-2	8.535390E-5	1.135460E+2	1.546480E+2	5.850000E+2
1.139370E+2	9.996340E-3	1.758580E-4	-1.000360E-2	8.568760E-5	1.143580E+2	1.552220E+2	5.889990E+2
1.147520E+2	9.996450E-3	1.773360E-4	-1.000360E-2	8.454320E-5	1.151680E+2	1.557920E+2	5.930010E+2
1.155540E+2	9.996390E-3	1.760240E-4	-1.000360E-2	8.599760E-5	1.159660E+2	1.563550E+2	5.970010E+2
1.163460E+2	9.996400E-3	1.740220E-4	-1.000360E-2	8.304120E-5	1.167520E+2	1.569190E+2	6.010000E+2
1.171240E+2	9.996390E-3	1.794580E-4	-1.000360E-2	7.967950E-5	1.175270E+2	1.574780E+2	6.050010E+2
1.179020E+2	9.996450E-3	1.785520E-4	-1.000360E-2	8.108620E-5	1.182960E+2	1.580280E+2	6.089990E+2
1.186650E+2	9.996310E-3	1.758340E-4	-1.000360E-2	7.741450E-5	1.190550E+2	1.585870E+2	6.130010E+2
1.194180E+2	9.996340E-3	1.766920E-4	-1.000360E-2	8.254050E-5	1.198080E+2	1.591330E+2	6.170000E+2
1.201660E+2	9.996390E-3	1.802210E-4	-1.000360E-2	8.206370E-5	1.205530E+2	1.596810E+2	6.209990E+2
1.209050E+2	9.996390E-3	1.811500E-4	-1.000350E-2	7.958410E-5	1.212880E+2	1.602220E+2	6.250000E+2
1.216430E+2	9.996400E-3	1.804590E-4	-1.000350E-2	8.339880E-5	1.220180E+2	1.607610E+2	6.290000E+2
1.223650E+2	9.996380E-3	1.797680E-4	-1.000350E-2	7.951260E-5	1.227440E+2	1.612980E+2	6.330000E+2
1.230880E+2	9.996390E-3	1.821760E-4	-1.000360E-2	7.960800E-5	1.234620E+2	1.618310E+2	6.370010E+2
1.238050E+2	9.996380E-3	1.820560E-4	-1.000350E-2	7.891650E-5	1.241770E+2	1.623600E+2	6.410000E+2
1.245180E+2	9.996400E-3	1.783130E-4	-1.000350E-2	8.041860E-5	1.248820E+2	1.628910E+2	6.450000E+2
1.252190E+2	9.996350E-3	1.817460E-4	-1.000350E-2	7.495880E-5	1.255830E+2	1.634190E+2	6.489990E+2
1.259210E+2	9.996420E-3	1.807210E-4	-1.000350E-2	7.798670E-5	1.262780E+2	1.639360E+2	6.530000E+2
1.266100E+2	9.996440E-3	1.806020E-4	-1.000350E-2	7.858280E-5	1.269680E+2	1.644560E+2	6.570000E+2
1.273040E+2	9.996380E-3	1.828910E-4	-1.000350E-2	7.967950E-5	1.276540E+2	1.649720E+2	6.609990E+2
1.279850E+2	9.996380E-3	1.848940E-4	-1.000360E-2	8.115770E-5	1.283380E+2	1.654880E+2	6.650010E+2
1.286620E+2	9.996410E-3	1.858950E-4	-1.000370E-2	7.846360E-5	1.290120E+2	1.659980E+2	6.689990E+2
1.293350E+2	9.996370E-3	1.842740E-4	-1.000350E-2	8.063320E-5	1.296820E+2	1.665060E+2	6.729990E+2
1.300020E+2	9.996290E-3	1.860140E-4	-1.000360E-2	7.786750E-5	1.303450E+2	1.670130E+2	6.770000E+2
1.306700E+2	9.996360E-3	1.872540E-4	-1.000350E-2	7.691380E-5	1.310090E+2	1.675130E+2	6.810010E+2
1.313270E+2	9.996410E-3	1.879450E-4	-1.000350E-2	7.915500E-5	1.316670E+2	1.680140E+2	6.850000E+2
1.319820E+2	9.996470E-3	1.858230E-4	-1.000340E-2	8.044240E-5	1.323170E+2	1.685120E+2	6.889990E+2
1.326300E+2	9.996320E-3	1.867770E-4	-1.000350E-2	7.455350E-5	1.329660E+2	1.690060E+2	6.930010E+2
1.332750E+2	9.996310E-3	1.855610E-4	-1.000360E-2	7.750990E-5	1.336070E+2	1.694990E+2	6.970000E+2
1.339190E+2	9.996340E-3	1.859900E-4	-1.000360E-2	7.405280E-5	1.342460E+2	1.699890E+2	7.010010E+2
1.345550E+2	9.996250E-3	1.856800E-4	-1.000360E-2	7.653240E-5	1.348830E+2	1.704750E+2	7.050000E+2
1.351890E+2	9.996190E-3	1.881840E-4	-1.000370E-2	7.426740E-5	1.355150E+2	1.709570E+2	7.090000E+2
1.358160E+2	9.996180E-3	1.855140E-4	-1.000360E-2	7.159710E-5	1.361410E+2	1.714360E+2	7.130000E+2
1.364410E+2	9.996200E-3	1.856570E-4	-1.000370E-2	7.278920E-5	1.367630E+2	1.719120E+2	7.170010E+2
1.370610E+2	9.996380E-3	1.834870E-4	-1.000370E-2	7.660390E-5	1.373810E+2	1.723910E+2	7.210000E+2
1.376800E+2	9.996320E-3	1.838450E-4	-1.000360E-2	7.367130E-5	1.379940E+2	1.728580E+2	7.250000E+2
1.382910E+2	9.996300E-3	1.893280E-4	-1.000350E-2	7.066730E-5	1.386040E+2	1.733270E+2	7.290010E+2
1.388990E+2	9.996310E-3	1.858470E-4	-1.000350E-2	7.338520E-5	1.392140E+2	1.737960E+2	7.330000E+2
1.395030E+2	9.996360E-3	1.874920E-4	-1.000360E-2	7.102490E-5	1.398150E+2	1.742660E+2	7.370000E+2
1.401070E+2	9.996330E-3	1.890420E-4	-1.000350E-2	6.799700E-5	1.404170E+2	1.747250E+2	7.410010E+2
1.407050E+2	9.996350E-3	1.861810E-4	-1.000360E-2	7.388590E-5	1.410140E+2	1.751860E+2	7.450010E+2
1.412960E+2	9.996380E-3	1.880650E-4	-1.000360E-2	7.319450E-5	1.416060E+2	1.756430E+2	7.489990E+2
1.418890E+2	9.996360E-3	1.878740E-4	-1.000350E-2	6.978510E-5	1.421950E+2	1.761030E+2	7.530000E+2
1.424760E+2	9.996430E-3	1.907350E-4	-1.000350E-2	7.352830E-5	1.427790E+2	1.765550E+2	7.569990E+2
1.430620E+2	9.996410E-3	1.895900E-4	-1.000370E-2	7.047650E-5	1.433630E+2	1.770120E+2	7.610000E+2
1.436440E+2	9.996480E-3	1.863480E-4	-1.000360E-2	7.083420E-5	1.439400E+2	1.774580E+2	7.650010E+2
1.442200E+2	9.996340E-3	1.880170E-4	-1.000350E-2	6.668570E-5	1.445180E+2	1.779060E+2	7.690000E+2
1.447930E+2	9.996240E-3	1.880170E-4	-1.000360E-2	6.790160E-5	1.450900E+2	1.783500E+2	7.730000E+2
1.453640E+2	9.996240E-3	1.850130E-4	-1.000360E-2	6.961820E-5	1.456620E+2	1.787990E+2	7.769990E+2
1.459330E+2	9.996210E-3	1.882790E-4	-1.000350E-2	7.035730E-5	1.462260E+2	1.792380E+2	7.810020E+2
1.464950E+2	9.996440E-3	1.901870E-4	-1.000360E-2	6.768700E-5	1.467890E+2	1.796780E+2	7.850000E+2
1.470620E+2	9.996320E-3	1.871590E-4	-1.000360E-2	6.554130E-5	1.473500E+2	1.801120E+2	7.890000E+2
1.476180E+2	9.996250E-3	1.893520E-4	-1.000360E-2	6.542210E-5	1.479060E+2	1.805490E+2	7.929990E+2
1.481730E+2	9.996280E-3	1.872300E-4	-1.000350E-2	6.654260E-5	1.484600E+2	1.809810E+2	7.970000E+2
1.487300E+2	9.996380E-3	1.883750E-4	-1.000360E-2	6.773470E-5	1.490110E+2	1.814160E+2	8.010030E+2
1.492750E+2	9.996330E-3	1.906630E-4	-1.000350E-2	6.537440E-5	1.495630E+2	1.818420E+2	8.050000E+2
1.498240E+2	9.996290E-3	1.896140E-4	-1.000350E-2	6.694790E-5	1.501070E+2	1.822700E+2	8.090000E+2
1.503690E+2	9.996460E-3	1.933340E-4	-1.000360E-2	6.747250E-5	1.506450E+2	1.826940E+2	8.130000E+2
1.509110E+2	9.996430E-3	1.878740E-4	-1.000370E-2	6.532670E-5	1.511920E+2	1.831160E+2	8.170010E+2
1.514500E+2	9.996350E-3	1.890180E-4	-1.000360E-2	6.530280E-5	1.517280E+2	1.835420E+2	8.209990E+2
1.519870E+2	9.996370E-3	1.907350E-4	-1.000360E-2	6.427770E-5	1.522640E+2	1.839580E+2	8.250020E+2
1.525190E+2	9.996380E-3	1.895670E-4	-1.000360E-2	6.577970E-5	1.527950E+2	1.843740E+2	8.290000E+2
1.530490E+2	9.996370E-3	1.895670E-4	-1.000360E-2	6.830690E-5	1.533250E+2	1.847910E+2	8.330000E+2
1.535810E+2	9.996280E-3	1.911640E-4	-1.000360E-2	6.525520E-5	1.538520E+2	1.852060E+2	8.369990E+2
1.541040E+2	9.996310E-3	1.907830E-4	-1.000360E-2	6.499290E-5	1.543700E+2	1.856180E+2	8.410010E+2
1.546250E+2	9.996320E-3	1.922130E-4	-1.000370E-2	6.451610E-5	1.548980E+2	1.860310E+2	8.450000E+2
1.551470E+2	9.996430E-3	1.896380E-4	-1.000370E-2	6.566050E-5	1.554150E+2	1.864390E+2	8.490000E+2
1.556670E+2	9.996240E-3	1.951930E-4	-1.000360E-2	6.458760E-5	1.559370E+2	1.868410E+2	8.530010E+2
1.561810E+2	9.996280E-3	1.914260E-4	-1.000360E-2	6.115440E-5	1.564470E+2	1.872520E+2	8.569990E+2
1.566990E+2	9.996320E-3	1.927610E-4	-1.000370E-2	6.480220E-5	1.569590E+2	1.876560E+2	8.610000E+2
1.572060E+2	9.996200E-3	1.910450E-4	-1.000360E-2	6.327630E-5	1.574680E+2	1.880540E+2	8.650000E+2
1.577180E+2	9.996310E-3	1.944300E-4	-1.000360E-2	6.368160E-5	1.579810E+2	1.884580E+2	8.689990E+2
1.582240E+2	9.996250E-3	1.911880E-4	-1.000370E-2	6.346700E-5	1.584840E+2	1.888620E+2	8.730000E+2
1.587270E+2	9.996290E-3	1.904960E-4	-1.000360E-2	6.229880E-5	1.589870E+2	1.892500E+2	8.769990E+2
1.592320E+2	9.996300E-3	1.935480E-4	-1.000360E-2	6.182190E-5	1.594910E+2	1.896470E+2	8.810010E+2
1.597280E+2	9.996280E-3	1.904490E-4	-1.000350E-2	6.089210E-5	1.599830E+2	1.900460E+2	8.850010E+2
1.602250E+2	9.996290E-3	1.925950E-4	-1.000360E-2	6.017690E-5	1.604810E+2	1.904360E+2	8.890020E+2
1.607180E+2	9.996300E-3	1.941920E-4	-1.000360E-2	5.934240E-5	1.609790E+2	1.908300E+2	8.930000E+2
1.612160E+2	9.996400E-3	1.920220E-4	-1.000360E-2	6.284710E-5	1.614660E+2	1.912200E+2	8.970010E+2
1.617030E+2	9.996310E-3	1.926180E-4	-1.000360E-2	6.215570E-5	1.619590E+2	1.916060E+2	9.010030E+2
1.621960E+2	9.996380E-3	1.949070E-4	-1.000360E-2	6.113050E-5	1.624420E+2	1.919890E+2	9.050000E+2
1.626810E+2	9.996360E-3	1.912120E-4	-1.000360E-2	6.096360E-5	1.629260E+2	1.923740E+2	9.090010E+2
1.631600E+2	9.996320E-3	1.919510E-4	-1.000350E-2	6.005760E-5	1.634130E+2	1.927630E+2	9.130020E+2
1.636410E+2	9.996280E-3	1.946450E-4	-1.000360E-2	5.762580E-5	1.638930E+2	1.931390E+2	9.170000E+2
1.641270E+2	9.996310E-3	1.938340E-4	-1.000360E-2	5.776880E-5	1.643710E+2	1.935180E+2	9.210000E+2
1.646040E+2	9.996320E-3	1.919750E-4	-1.000360E-2	6.153580E-5	1.648430E+2	1.939010E+2	9.250010E+2
1.650760E+2	9.996300E-3	1.923320E-4	-1.000350E-2	6.082060E-5	1.653200E+2	1.942770E+2	9.289990E+2
1.655480E+2	9.996310E-3	1.955030E-4	-1.000360E-2	5.712510E-5	1.657950E+2	1.946480E+2	9.330020E+2
1.660210E+2	9.996360E-3	1.909260E-4	-1.000350E-2	5.946160E-5	1.662630E+2	1.950250E+2	9.370040E+2
1.664880E+2	9.996360E-3	1.954560E-4	-1.000350E-2	5.965230E-5	1.667310E+2	1.953950E+2	9.410000E+2
1.669600E+2	9.996340E-3	1.941680E-4	-1.000360E-2	5.366800E-5	1.671970E+2	1.957640E+2	9.450040E+2
1.674230E+2	9.996220E-3	1.913310E-4	-1.000360E-2	5.581380E-5	1.676600E+2	1.961340E+2	9.490040E+2
1.678860E+2	9.996280E-3	1.935010E-4	-1.000360E-2	5.521770E-5	1.681280E+2	1.965050E+2	9.530000E+2
1.683480E+2	9.996300E-3	1.951690E-4	-1.000350E-2	5.586150E-5	1.685860E+2	1.968700E+2	9.570050E+2
1.688060E+2	9.996290E-3	1.961710E-4	-1.000350E-2	5.388260E-5	1.690430E+2	1.972310E+2	9.610000E+2
1.692630E+2	9.996370E-3	1.931670E-4	-1.000350E-2	5.705360E-5	1.694970E+2	1.975970E+2	9.650000E+2
1.697240E+2	9.996390E-3	1.944540E-4	-1.000350E-2	5.509850E-5	1.699550E+2	1.979570E+2	9.689990E+2
1.701750E+2	9.996470E-3	1.911160E-4	-1.000350E-2	5.238060E-5	1.704040E+2	1.983140E+2	9.730010E+2
1.706200E+2	9.996350E-3	1.931190E-4	-1.000360E-2	5.235670E-5	1.708550E+2	1.986750E+2	9.769990E+2
1.710710E+2	9.996410E-3	1.930240E-4	-1.000370E-2	5.497930E-5	1.713050E+2	1.990340E+2	9.810000E+2
1.715210E+2	9.996450E-3	1.930710E-4	-1.000350E-2	5.152230E-5	1.717490E+2	1.993870E+2	9.849990E+2
1.719640E+2	9.996370E-3	1.944070E-4	-1.000360E-2	5.130770E-5	1.721930E+2	1.997370E+2	9.890020E+2
1.724040E+2	9.996440E-3	1.914980E-4	-1.000340E-2	5.354880E-5	1.726370E+2	2.000940E+2	9.930050E+2
1.728500E+2	9.996510E-3	1.937390E-4	-1.000340E-2	5.140300E-5	1.730790E+2	2.004400E+2	9.970000E+2
1.732890E+2	9.996350E-3	1.954080E-4	-1.000350E-2	5.309580E-5	1.735130E+2	2.007920E+2	1.001001E+3
1.737270E+2	9.996280E-3	1.980780E-4	-1.000350E-2	5.221370E-5	1.739490E+2	2.011390E+2	1.005007E+3
1.741580E+2	9.996260E-3	1.942630E-4	-1.000360E-2	5.283360E-5	1.743850E+2	2.014860E+2	1.009004E+3
1.745920E+2	9.996320E-3	1.937390E-4	-1.000350E-2	5.156990E-5	1.748170E+2	2.018300E+2	1.013000E+3
1.750260E+2	9.996300E-3	1.950030E-4	-1.000360E-2	5.071160E-5	1.752460E+2	2.021710E+2	1.017003E+3
1.754590E+2	9.996360E-3	1.946450E-4	-1.000360E-2	5.331040E-5	1.756770E+2	2.025130E+2	1.021000E+3
1.758860E+2	9.996240E-3	1.962900E-4	-1.000360E-2	5.145070E-5	1.761060E+2	2.028510E+2	1.025001E+3
1.763080E+2	9.996330E-3	1.965760E-4	-1.000350E-2	5.042550E-5	1.765290E+2	2.031910E+2	1.029004E+3
1.767300E+2	9.996300E-3	1.968150E-4	-1.000350E-2	5.099770E-5	1.769520E+2	2.035230E+2	1.033000E+3
1.771560E+2	9.996360E-3	1.930480E-4	-1.000360E-2	5.097390E-5	1.773730E+2	2.038610E+2	1.037000E+3
1.775790E+2	9.996270E-3	1.995560E-4	-1.000360E-2	5.316730E-5	1.777940E+2	2.041920E+2	1.041002E+3
1.779960E+2	9.996220E-3	1.974340E-4	-1.000360E-2	5.354880E-5	1.782130E+2	2.045260E+2	1.045004E+3
1.784100E+2	9.996290E-3	1.954320E-4	-1.000350E-2	4.789830E-5	1.786330E+2	2.048560E+2	1.049000E+3
1.788280E+2	9.996300E-3	1.935720E-4	-1.000350E-2	5.135540E-5	1.790450E+2	2.051860E+2	1.053005E+3
1.792460E+2	9.996300E-3	1.952170E-4	-1.000360E-2	5.121230E-5	1.794560E+2	2.055130E+2	1.057000E+3
1.796630E+2	9.996410E-3	1.988170E-4	-1.000350E-2	4.942420E-5	1.798710E+2	2.058410E+2	1.061002E+3
1.800690E+2	9.996450E-3	1.958370E-4	-1.000350E-2	5.087850E-5	1.802800E+2	2.061640E+2	1.065002E+3
1.804810E+2	9.996270E-3	1.956940E-4	-1.000350E-2	4.961490E-5	1.806910E+2	2.064870E+2	1.069001E+3
1.808830E+2	9.996400E-3	1.979110E-4	-1.000350E-2	4.611020E-5	1.810960E+2	2.068090E+2	1.073000E+3
1.812950E+2	9.996290E-3	1.932860E-4	-1.000360E-2	4.892350E-5	1.815020E+2	2.071290E+2	1.077000E+3
1.816950E+2	9.996280E-3	1.957180E-4	-1.000360E-2	5.095000E-5	1.819100E+2	2.074510E+2	1.081003E+3
1.820990E+2	9.996290E-3	1.963620E-4	-1.000350E-2	4.730220E-5	1.823050E+2	2.077670E+2	1.085001E+3
1.825000E+2	9.996240E-3	1.960520E-4	-1.000350E-2	4.625320E-5	1.827100E+2	2.080830E+2	1.089000E+3
1.829010E+2	9.996390E-3	1.955030E-4	-1.000350E-2	4.580020E-5	1.831130E+2	2.083980E+2	1.093003E+3
1.832970E+2	9.996310E-3	1.979110E-4	-1.000350E-2	4.615780E-5	1.835060E+2	2.087100E+2	1.097003E+3
1.836980E+2	9.996320E-3	1.959320E-4	-1.000350E-2	4.498960E-5	1.839080E+2	2.090180E+2	1.101000E+3
1.840930E+2	9.996350E-3	1.965280E-4	-1.000350E-2	4.756450E-5	1.842990E+2	2.093350E+2	1.105004E+3
1.844890E+2	9.996370E-3	2.067570E-4	-1.000350E-2	4.620550E-5	1.846890E+2	2.096460E+2	1.109001E+3
1.848790E+2	9.996240E-3	1.956940E-4	-1.000350E-2	4.646780E-5	1.850800E+2	2.099540E+2	1.112999E+3
1.852710E+2	9.996340E-3	1.971720E-4	-1.000360E-2	4.653930E-5	1.854760E+2	2.102610E+2	1.117005E+3
1.856650E+2	9.996230E-3	1.973150E-4	-1.000360E-2	4.413130E-5	1.858610E+2	2.105670E+2	1.121001E+3
1.860460E+2	9.996260E-3	1.994130E-4	-1.000360E-2	4.849430E-5	1.862490E+2	2.108680E+2	1.125004E+3
1.864350E+2	9.996280E-3	1.980540E-4	-1.000360E-2	4.479890E-5	1.866350E+2	2.111680E+2	1.129005E+3
1.868200E+2	9.996280E-3	1.970770E-4	-1.000360E-2	4.394050E-5	1.870190E+2	2.114720E+2	1.133002E+3
1.872020E+2	9.996340E-3	1.986500E-4	-1.000360E-2	4.522800E-5	1.873990E+2	2.117730E+2	1.137001E+3
1.875860E+2	9.996250E-3	1.993890E-4	-1.000360E-2	4.174710E-5	1.877830E+2	2.120690E+2	1.141003E+3
1.879630E+2	9.996320E-3	1.966480E-4	-1.000370E-2	4.270080E-5	1.881620E+2	2.123670E+2	1.145002E+3
1.883460E+2	9.996240E-3	1.972200E-4	-1.000360E-2	4.601480E-5	1.885370E+2	2.126640E+2	1.149001E+3
1.887220E+2	9.996290E-3	1.971960E-4	-1.000360E-2	4.293920E-5	1.889180E+2	2.129670E+2	1.153000E+3
1.891000E+2	9.996300E-3	1.966950E-4	-1.000360E-2	4.365440E-5	1.892930E+2	2.132480E+2	1.157002E+3
1.894740E+2	9.996380E-3	1.984360E-4	-1.000340E-2	4.053120E-5	1.896670E+2	2.135430E+2	1.161007E+3
1.898400E+2	9.996340E-3	2.000090E-4	-1.000350E-2	3.824230E-5	1.900380E+2	2.138410E+2	1.165005E+3
1.902130E+2	9.996390E-3	1.938580E-4	-1.000350E-2	4.131790E-5	1.904040E+2	2.141300E+2	1.169002E+3
1.905840E+2	9.996360E-3	1.941920E-4	-1.000360E-2	3.986360E-5	1.907730E+2	2.144240E+2	1.172999E+3
1.909500E+2	9.996310E-3	1.959800E-4	-1.000360E-2	3.917220E-5	1.911430E+2	2.147130E+2	1.177005E+3
1.913140E+2	9.996270E-3	1.953130E-4	-1.000350E-2	4.024510E-5	1.915040E+2	2.149970E+2	1.181002E+3
1.916840E+2	9.996330E-3	1.912360E-4	-1.000350E-2	3.817080E-5	1.918730E+2	2.152830E+2	1.185001E+3
1.920500E+2	9.996340E-3	1.956700E-4	-1.000350E-2	3.461840E-5	1.922360E+2	2.155690E+2	1.189006E+3
1.924090E+2	9.996280E-3	1.970290E-4	-1.000350E-2	3.764630E-5	1.925930E+2	2.158510E+2	1.193000E+3
1.927670E+2	9.996300E-3	1.936440E-4	-1.000360E-2	3.867150E-5	1.929540E+2	2.161280E+2	1.197000E+3
1.931260E+2	9.996250E-3	1.946210E-4	-1.000370E-2	3.981590E-5	1.933170E+2	2.164100E+2	1.201003E+3
1.934850E+2	9.996170E-3	1.961710E-4	-1.000370E-2	3.852840E-5	1.936720E+2	2.166820E+2	1.205001E+3
1.938450E+2	9.996130E-3	1.939540E-4	-1.000360E-2	3.569130E-5	1.940330E+2	2.169610E+2	1.209001E+3
1.942010E+2	9.996290E-3	1.957420E-4	-1.000360E-2	3.893380E-5	1.943850E+2	2.172300E+2	1.213005E+3
1.945540E+2	9.996280E-3	1.958850E-4	-1.000360E-2	3.511910E-5	1.947350E+2	2.175050E+2	1.217000E+3
1.949100E+2	9.996410E-3	1.924040E-4	-1.000350E-2	3.983970E-5	1.950900E+2	2.177780E+2	1.221001E+3
1.952590E+2	9.996360E-3	1.949070E-4	-1.000350E-2	3.833770E-5	1.954430E+2	2.180430E+2	1.225006E+3
1.956120E+2	9.996490E-3	2.076390E-4	-1.000350E-2	3.671650E-5	1.957930E+2	2.183160E+2	1.229003E+3
1.959550E+2	9.996550E-3	2.069000E-4	-1.000350E-2	3.774170E-5	1.961370E+2	2.185810E+2	1.232999E+3
1.963090E+2	9.996330E-3	1.987700E-4	-1.000360E-2	3.769400E-5	1.964880E+2	2.188480E+2	1.237000E+3
1.966510E+2	9.996400E-3	1.986270E-4	-1.000360E-2	3.733640E-5	1.968310E+2	2.191130E+2	1.241000E+3
1.969970E+2	9.996280E-3	1.967910E-4	-1.000350E-2	3.581050E-5	1.971730E+2	2.193750E+2	1.245001E+3
1.973370E+2	9.996360E-3	1.926660E-4	-1.000370E-2	3.392700E-5	1.975180E+2	2.196400E+2	1.249004E+3
1.976840E+2	9.996320E-3	1.981970E-4	-1.000360E-2	3.430840E-5	1.978550E+2	2.199000E+2	1.253001E+3
1.980220E+2	9.996310E-3	1.974340E-4	-1.000360E-2	3.256800E-5	1.981970E+2	2.201590E+2	1.257001E+3
1.983600E+2	9.996270E-3	1.936440E-4	-1.000360E-2	3.654960E-5	1.985360E+2	2.204160E+2	1.261003E+3
1.986980E+2	9.996420E-3	1.948120E-4	-1.000360E-2	3.712180E-5	1.988740E+2	2.206750E+2	1.265000E+3
1.990310E+2	9.996370E-3	1.981500E-4	-1.000340E-2	2.875330E-5	1.992050E+2	2.209320E+2	1.269002E+3
1.993670E+2	9.996330E-3	1.968860E-4	-1.000350E-2	3.466610E-5	1.995410E+2	2.211880E+2	1.273005E+3
1.997000E+2	9.996400E-3	1.947880E-4	-1.000350E-2	3.621580E-5	1.998710E+2	2.214380E+2	1.277003E+3
2.000360E+2	9.996340E-3	1.932860E-4	-1.000350E-2	2.896790E-5	2.002050E+2	2.216910E+2	1.281002E+3
2.003690E+2	9.996330E-3	1.975060E-4	-1.000360E-2	3.302100E-5	2.005380E+2	2.219450E+2	1.285000E+3
2.006970E+2	9.996270E-3	1.917600E-4	-1.000360E-2	3.342630E-5	2.008670E+2	2.221920E+2	1.289003E+3
2.010260E+2	9.996250E-3	1.958610E-4	-1.000360E-2	3.268720E-5	2.011930E+2	2.224410E+2	1.293000E+3
2.013490E+2	9.996390E-3	1.954790E-4	-1.000350E-2	2.672670E-5	2.015190E+2	2.226940E+2	1.297005E+3
2.016770E+2	9.996320E-3	1.977680E-4	-1.000360E-2	3.242490E-5	2.018440E+2	2.229390E+2	1.301001E+3
2.020000E+2	9.996420E-3	1.932380E-4	-1.000350E-2	3.485680E-5	2.021680E+2	2.231890E+2	1.305001E+3
2.023210E+2	9.996360E-3	1.969340E-4	-1.000360E-2	3.087520E-5	2.024910E+2	2.234290E+2	1.309000E+3
2.026410E+2	9.996300E-3	1.979350E-4	-1.000350E-2	2.844330E-5	2.028100E+2	2.236720E+2	1.313000E+3
2.029670E+2	9.996360E-3	1.938580E-4	-1.000350E-2	3.185270E-5	2.031330E+2	2.239150E+2	1.317000E+3
2.032850E+2	9.996280E-3	1.968620E-4	-1.000360E-2	2.973080E-5	2.034490E+2	2.241580E+2	1.321001E+3
2.036020E+2	9.996260E-3	1.931670E-4	-1.000380E-2	2.665520E-5	2.037660E+2	2.244000E+2	1.325001E+3
2.039200E+2	9.996240E-3	1.959320E-4	-1.000370E-2	3.082750E-5	2.040800E+2	2.246370E+2	1.329002E+3
2.042350E+2	9.996350E-3	1.937630E-4	-1.000360E-2	3.383160E-5	2.043970E+2	2.248730E+2	1.333001E+3
2.045480E+2	9.996420E-3	1.965280E-4	-1.000360E-2	2.987380E-5	2.047110E+2	2.251110E+2	1.336999E+3
2.048610E+2	9.996490E-3	2.012010E-4	-1.000360E-2	2.911090E-5	2.050190E+2	2.253510E+2	1.341002E+3
2.051790E+2	9.996400E-3	1.983880E-4	-1.000370E-2	3.488060E-5	2.053420E+2	2.255860E+2	1.345000E+3
2.054790E+2	9.996460E-3	2.048020E-4	-1.000360E-2	3.726480E-5	2.056080E+2	2.257900E+2	1.349000E+3
2.057220E+2	9.996340E-3	2.066850E-4	-1.000360E-2	3.457070E-5	2.058260E+2	2.259080E+2	1.352999E+3
2.059310E+2	9.996300E-3	2.027990E-4	-1.000360E-2	3.263950E-5	2.060290E+2	2.259850E+2	1.357002E+3
2.061260E+2	9.996380E-3	2.012490E-4	-1.000360E-2	3.490450E-5	2.062210E+2	2.260240E+2	1.361000E+3
2.063150E+2	9.996380E-3	2.016310E-4	-1.000360E-2	3.407000E-5	2.064090E+2	2.260570E+2	1.365004E+3
2.064970E+2	9.996380E-3	2.019170E-4	-1.000360E-2	3.116130E-5	2.065880E+2	2.260710E+2	1.369001E+3
2.066790E+2	9.996420E-3	2.034430E-4	-1.000360E-2	3.085140E-5	2.067690E+2	2.260820E+2	1.373000E+3
2.068540E+2	9.996420E-3	2.034660E-4	-1.000370E-2	3.392700E-5	2.069430E+2	2.260850E+2	1.377001E+3
2.070280E+2	9.996420E-3	2.095460E-4	-1.000360E-2	3.144740E-5	2.071160E+2	2.260970E+2	1.381000E+3
2.071960E+2	9.996400E-3	2.037290E-4	-1.000370E-2	3.130440E-5	2.073190E+2	2.260810E+2	1.385000E+3
