The operator was: Angelo Bossi
The sample measure was: Cable
The sample was biased using: 10E-3 Amps
Comments:
test run to see how the program works

Tbefore	        I+	        V+	        I-	        V-	        Tafter	        Tbase	        Time
8.324300E+1	9.996200E-3	7.724760E-5	-1.000370E-2	1.157760E-4	8.352800E+1	8.019000E+1	1.200000E+1
8.335100E+1	9.996290E-3	7.636550E-5	-1.000370E-2	1.126770E-4	8.328800E+1	8.026700E+1	1.600100E+1
8.306100E+1	9.996290E-3	7.700920E-5	-1.000370E-2	1.144890E-4	8.358900E+1	8.032800E+1	2.000000E+1
8.355100E+1	9.996260E-3	7.889270E-5	-1.000370E-2	1.158000E-4	8.330700E+1	8.041000E+1	2.400000E+1
8.318000E+1	9.996360E-3	7.956030E-5	-1.000370E-2	1.142980E-4	8.366000E+1	8.045700E+1	2.800100E+1
8.352800E+1	9.996350E-3	8.115770E-5	-1.000360E-2	1.135590E-4	8.345100E+1	8.051200E+1	3.200000E+1
8.318600E+1	9.996440E-3	8.068080E-5	-1.000350E-2	1.174210E-4	8.363800E+1	8.054900E+1	3.600000E+1
8.377500E+1	9.996340E-3	7.987020E-5	-1.000360E-2	1.188760E-4	8.345800E+1	8.058300E+1	4.000100E+1
8.333500E+1	9.996270E-3	7.722380E-5	-1.000360E-2	1.164670E-4	8.343100E+1	8.057600E+1	4.400000E+1
8.370700E+1	9.996190E-3	7.739070E-5	-1.000380E-2	1.151800E-4	8.372600E+1	8.055700E+1	4.799900E+1
8.343900E+1	9.996210E-3	7.593630E-5	-1.000370E-2	1.135830E-4	8.399000E+1	8.056300E+1	5.200000E+1
8.414000E+1	9.996280E-3	8.034710E-5	-1.000380E-2	1.161100E-4	8.422400E+1	8.052300E+1	5.600000E+1
8.429600E+1	9.996350E-3	7.750990E-5	-1.000380E-2	1.188040E-4	8.465700E+1	8.072600E+1	6.000000E+1
8.510200E+1	9.996300E-3	8.091930E-5	-1.000370E-2	1.127720E-4	8.548400E+1	8.151800E+1	6.400000E+1
8.575600E+1	9.996340E-3	7.965560E-5	-1.000370E-2	1.155380E-4	8.599300E+1	8.170700E+1	6.800000E+1
8.619400E+1	9.996320E-3	8.211140E-5	-1.000370E-2	1.182320E-4	8.639800E+1	8.180600E+1	7.200100E+1
8.656500E+1	9.996370E-3	8.344650E-5	-1.000370E-2	1.215460E-4	8.671100E+1	8.185400E+1	7.599900E+1
8.683500E+1	9.996320E-3	8.292200E-5	-1.000360E-2	1.193760E-4	8.695100E+1	8.188600E+1	8.000000E+1
8.705100E+1	9.996290E-3	8.401870E-5	-1.000360E-2	1.185420E-4	8.714800E+1	8.190300E+1	8.400000E+1
8.723800E+1	9.996350E-3	8.561610E-5	-1.000360E-2	1.211400E-4	8.732300E+1	8.191900E+1	8.800100E+1
8.739400E+1	9.996390E-3	8.583070E-5	-1.000360E-2	1.236200E-4	8.746500E+1	8.192600E+1	9.200100E+1
8.752000E+1	9.996250E-3	8.764270E-5	-1.000360E-2	1.188760E-4	8.757800E+1	8.191200E+1	9.599900E+1
8.763000E+1	9.996250E-3	8.239750E-5	-1.000370E-2	1.200910E-4	8.768700E+1	8.189700E+1	1.000000E+2
8.773700E+1	9.996240E-3	8.561610E-5	-1.000370E-2	1.213070E-4	8.778600E+1	8.188100E+1	1.040010E+2
8.783200E+1	9.996220E-3	8.707050E-5	-1.000370E-2	1.237390E-4	8.788500E+1	8.186200E+1	1.079990E+2
8.793300E+1	9.996300E-3	8.723740E-5	-1.000380E-2	1.206160E-4	8.798700E+1	8.184000E+1	1.120010E+2
8.803400E+1	9.996480E-3	9.233950E-5	-1.000370E-2	1.194720E-4	8.808300E+1	8.181800E+1	1.159990E+2
8.813300E+1	9.996220E-3	8.792880E-5	-1.000370E-2	1.227140E-4	8.819600E+1	8.179900E+1	1.200010E+2
8.827200E+1	9.996280E-3	8.940700E-5	-1.000370E-2	1.214030E-4	8.837000E+1	8.179700E+1	1.240000E+2
8.844100E+1	9.996360E-3	8.552070E-5	-1.000370E-2	1.220460E-4	8.852700E+1	8.180000E+1	1.280010E+2
8.859900E+1	9.996460E-3	8.442400E-5	-1.000370E-2	1.214030E-4	8.866100E+1	8.180600E+1	1.320010E+2
8.871700E+1	9.996400E-3	8.523460E-5	-1.000370E-2	1.240250E-4	8.878900E+1	8.180500E+1	1.359990E+2
8.885400E+1	9.996290E-3	8.652210E-5	-1.000380E-2	1.186850E-4	8.891800E+1	8.179900E+1	1.400010E+2
8.896900E+1	9.996290E-3	8.416180E-5	-1.000380E-2	1.243350E-4	8.903900E+1	8.179400E+1	1.440010E+2
8.914900E+1	9.996190E-3	8.492470E-5	-1.000370E-2	1.224280E-4	8.932600E+1	8.179500E+1	1.480000E+2
8.951700E+1	9.996220E-3	8.723740E-5	-1.000380E-2	1.238580E-4	8.973000E+1	8.179800E+1	1.520000E+2
8.996900E+1	9.996290E-3	8.726120E-5	-1.000370E-2	1.232620E-4	9.027000E+1	8.180200E+1	1.560000E+2
9.057500E+1	9.996290E-3	9.021760E-5	-1.000370E-2	1.250510E-4	9.091300E+1	8.179900E+1	1.600000E+2
9.122100E+1	9.996290E-3	9.059910E-5	-1.000370E-2	1.224990E-4	9.155300E+1	8.180000E+1	1.640010E+2
9.188700E+1	9.996390E-3	8.947850E-5	-1.000370E-2	1.231430E-4	9.221100E+1	8.180000E+1	1.680010E+2
9.249600E+1	9.996380E-3	8.480550E-5	-1.000360E-2	1.250740E-4	9.277200E+1	8.178400E+1	1.720010E+2
9.301300E+1	9.996210E-3	8.649830E-5	-1.000360E-2	1.255750E-4	9.325800E+1	8.177400E+1	1.760010E+2
9.347500E+1	9.996250E-3	8.947850E-5	-1.000370E-2	1.227620E-4	9.368600E+1	8.177600E+1	1.800010E+2
9.388000E+1	9.996280E-3	8.680820E-5	-1.000370E-2	1.260520E-4	9.407100E+1	8.178400E+1	1.840020E+2
9.424100E+1	9.996280E-3	8.914470E-5	-1.000360E-2	1.233100E-4	9.441500E+1	8.179400E+1	1.880000E+2
9.456900E+1	9.996200E-3	8.649830E-5	-1.000360E-2	1.203300E-4	9.473000E+1	8.180500E+1	1.920000E+2
9.486600E+1	9.996300E-3	8.986000E-5	-1.000370E-2	1.235490E-4	9.501100E+1	8.183400E+1	1.960000E+2
9.513600E+1	9.996290E-3	8.885860E-5	-1.000370E-2	1.242400E-4	9.526600E+1	8.185400E+1	2.000000E+2
9.538400E+1	9.996290E-3	8.816720E-5	-1.000370E-2	1.220700E-4	9.550300E+1	8.187600E+1	2.040010E+2
9.561600E+1	9.996440E-3	8.914470E-5	-1.000360E-2	1.266960E-4	9.572800E+1	8.189500E+1	2.080010E+2
9.583100E+1	9.996450E-3	8.869170E-5	-1.000370E-2	1.246210E-4	9.593200E+1	8.190700E+1	2.120010E+2
9.602600E+1	9.996370E-3	9.005070E-5	-1.000380E-2	1.227620E-4	9.611700E+1	8.192800E+1	2.160010E+2
9.620000E+1	9.996360E-3	8.876320E-5	-1.000370E-2	1.230480E-4	9.628700E+1	8.194700E+1	2.200000E+2
9.636200E+1	9.996350E-3	9.090900E-5	-1.000380E-2	1.264810E-4	9.644100E+1	8.195400E+1	2.239990E+2
9.650600E+1	9.996240E-3	8.978840E-5	-1.000370E-2	1.255510E-4	9.658200E+1	8.196600E+1	2.280000E+2
9.664500E+1	9.996230E-3	9.195800E-5	-1.000370E-2	1.250270E-4	9.670800E+1	8.198100E+1	2.320010E+2
9.677300E+1	9.996370E-3	8.745190E-5	-1.000360E-2	1.297470E-4	9.683000E+1	8.199200E+1	2.359990E+2
9.688000E+1	9.996400E-3	9.117130E-5	-1.000360E-2	1.250980E-4	9.693700E+1	8.200000E+1	2.400000E+2
9.699000E+1	9.996330E-3	9.300710E-5	-1.000380E-2	1.275780E-4	9.704100E+1	8.200900E+1	2.440000E+2
9.708900E+1	9.996310E-3	9.088520E-5	-1.000370E-2	1.289610E-4	9.713400E+1	8.202100E+1	2.480000E+2
9.718100E+1	9.996450E-3	9.398460E-5	-1.000370E-2	1.257660E-4	9.722300E+1	8.202900E+1	2.520010E+2
9.726600E+1	9.996480E-3	9.450910E-5	-1.000360E-2	1.286030E-4	9.730900E+1	8.203600E+1	2.560020E+2
9.734900E+1	9.996350E-3	9.226800E-5	-1.000360E-2	1.277690E-4	9.738900E+1	8.204700E+1	2.600010E+2
9.742600E+1	9.996370E-3	9.250640E-5	-1.000370E-2	1.273630E-4	9.746600E+1	8.205700E+1	2.640000E+2
9.750000E+1	9.996240E-3	9.467600E-5	-1.000370E-2	1.260280E-4	9.754100E+1	8.206100E+1	2.680010E+2
9.757100E+1	9.996260E-3	9.286400E-5	-1.000360E-2	1.274110E-4	9.761100E+1	8.207200E+1	2.720000E+2
9.764100E+1	9.996330E-3	9.291170E-5	-1.000370E-2	1.283170E-4	9.767700E+1	8.207700E+1	2.760000E+2
9.770800E+1	9.996290E-3	9.074210E-5	-1.000360E-2	1.256700E-4	9.774000E+1	8.208400E+1	2.800000E+2
9.776900E+1	9.996400E-3	9.908680E-5	-1.000370E-2	1.282450E-4	9.780000E+1	8.209100E+1	2.840010E+2
9.782800E+1	9.996350E-3	9.114740E-5	-1.000370E-2	1.251460E-4	9.785700E+1	8.209600E+1	2.880010E+2
9.788800E+1	9.996370E-3	9.064670E-5	-1.000370E-2	1.289610E-4	9.791500E+1	8.210100E+1	2.920070E+2
9.794500E+1	9.996420E-3	9.238720E-5	-1.000380E-2	1.269820E-4	9.796800E+1	8.210900E+1	2.960000E+2
9.799500E+1	9.996350E-3	9.176730E-5	-1.000370E-2	1.288410E-4	9.802500E+1	8.211600E+1	3.000010E+2
9.805100E+1	9.996330E-3	9.138580E-5	-1.000380E-2	1.290560E-4	9.808000E+1	8.212100E+1	3.040000E+2
9.810500E+1	9.996220E-3	9.217260E-5	-1.000380E-2	1.254080E-4	9.813400E+1	8.212700E+1	3.080010E+2
9.816000E+1	9.996380E-3	9.386540E-5	-1.000370E-2	1.271960E-4	9.818500E+1	8.213700E+1	3.120010E+2
9.821200E+1	9.996440E-3	9.429450E-5	-1.000370E-2	1.260520E-4	9.824200E+1	8.213900E+1	3.160010E+2
9.827200E+1	9.996350E-3	1.006360E-4	-1.000370E-2	1.302000E-4	9.830500E+1	8.214600E+1	3.200000E+2
9.833500E+1	9.996330E-3	9.326940E-5	-1.000370E-2	1.303200E-4	9.836700E+1	8.215300E+1	3.240000E+2
9.839900E+1	9.996290E-3	9.241100E-5	-1.000380E-2	1.248120E-4	9.843900E+1	8.216100E+1	3.280020E+2
9.847000E+1	9.996310E-3	8.988380E-5	-1.000370E-2	1.314400E-4	9.851200E+1	8.216100E+1	3.320020E+2
9.855600E+1	9.996210E-3	9.274480E-5	-1.000380E-2	1.278880E-4	9.860100E+1	8.217000E+1	3.360000E+2
9.865000E+1	9.996360E-3	9.353160E-5	-1.000370E-2	1.254320E-4	9.869800E+1	8.217600E+1	3.400010E+2
9.876100E+1	9.996420E-3	8.873940E-5	-1.000370E-2	1.268860E-4	9.882400E+1	8.218300E+1	3.440000E+2
9.888900E+1	9.996430E-3	8.893010E-5	-1.000370E-2	1.262660E-4	9.896800E+1	8.219000E+1	3.480010E+2
9.904400E+1	9.996310E-3	8.885860E-5	-1.000370E-2	1.276020E-4	9.913100E+1	8.219400E+1	3.520010E+2
9.921800E+1	9.996260E-3	9.026530E-5	-1.000380E-2	1.271250E-4	9.931500E+1	8.220200E+1	3.560000E+2
9.941100E+1	9.996210E-3	9.427070E-5	-1.000380E-2	1.255990E-4	9.952200E+1	8.221000E+1	3.600000E+2
9.963600E+1	9.996200E-3	9.109970E-5	-1.000370E-2	1.293900E-4	9.976400E+1	8.222200E+1	3.640020E+2
9.989300E+1	9.996380E-3	9.152890E-5	-1.000380E-2	1.274110E-4	1.000420E+2	8.222200E+1	3.680000E+2
1.001880E+2	9.996310E-3	9.396080E-5	-1.000380E-2	1.283650E-4	1.003580E+2	8.223800E+1	3.720010E+2
1.005300E+2	9.996310E-3	9.601120E-5	-1.000370E-2	1.276490E-4	1.007220E+2	8.225500E+1	3.759990E+2
1.009210E+2	9.996160E-3	9.384160E-5	-1.000390E-2	1.276490E-4	1.011300E+2	8.227100E+1	3.800010E+2
1.013470E+2	9.996240E-3	1.003740E-4	-1.000380E-2	1.206400E-4	1.015820E+2	8.228800E+1	3.839990E+2
1.018140E+2	9.996300E-3	1.143220E-4	-1.000370E-2	1.076940E-4	1.020630E+2	8.231200E+1	3.880000E+2
1.023050E+2	9.996250E-3	1.212120E-4	-1.000370E-2	9.326940E-5	1.025660E+2	8.234300E+1	3.919990E+2
1.028140E+2	9.996340E-3	1.384260E-4	-1.000380E-2	7.975100E-5	1.030750E+2	8.237700E+1	3.960000E+2
1.033300E+2	9.996220E-3	1.416210E-4	-1.000360E-2	7.612710E-5	1.036010E+2	8.241000E+1	4.000020E+2
1.038520E+2	9.996320E-3	1.419780E-4	-1.000360E-2	7.197860E-5	1.041280E+2	8.245000E+1	4.040010E+2
1.043860E+2	9.996380E-3	1.415730E-4	-1.000380E-2	7.174010E-5	1.046640E+2	8.250100E+1	4.080000E+2
1.049200E+2	9.996320E-3	1.409770E-4	-1.000370E-2	6.999970E-5	1.051980E+2	8.256600E+1	4.120010E+2
1.054580E+2	9.996310E-3	1.408100E-4	-1.000370E-2	6.096360E-5	1.057310E+2	8.265300E+1	4.160000E+2
1.059850E+2	9.996300E-3	1.371150E-4	-1.000370E-2	5.984310E-5	1.062600E+2	8.274800E+1	4.200010E+2
1.065080E+2	9.996190E-3	1.354460E-4	-1.000370E-2	6.113050E-5	1.067770E+2	8.283400E+1	4.240000E+2
1.070260E+2	9.996170E-3	1.365660E-4	-1.000380E-2	5.679130E-5	1.072860E+2	8.292200E+1	4.280000E+2
1.075310E+2	9.996270E-3	1.374240E-4	-1.000390E-2	5.650520E-5	1.077930E+2	8.300600E+1	4.320010E+2
1.080340E+2	9.996280E-3	1.338240E-4	-1.000390E-2	5.404950E-5	1.082880E+2	8.309000E+1	4.360020E+2
1.085250E+2	9.996310E-3	1.341100E-4	-1.000380E-2	5.023480E-5	1.087680E+2	8.317300E+1	4.399990E+2
1.090050E+2	9.996360E-3	1.317980E-4	-1.000380E-2	5.180840E-5	1.092490E+2	8.326600E+1	4.439990E+2
1.094780E+2	9.996260E-3	1.356120E-4	-1.000380E-2	5.254750E-5	1.097200E+2	8.335200E+1	4.479990E+2
1.099430E+2	9.996360E-3	1.318930E-4	-1.000360E-2	4.737380E-5	1.101760E+2	8.344300E+1	4.520000E+2
1.103950E+2	9.996360E-3	1.323940E-4	-1.000370E-2	4.911420E-5	1.106280E+2	8.353300E+1	4.559990E+2
1.108420E+2	9.996330E-3	1.314400E-4	-1.000380E-2	4.899500E-5	1.110710E+2	8.362100E+1	4.600000E+2
1.112860E+2	9.996240E-3	1.306060E-4	-1.000370E-2	4.513260E-5	1.115070E+2	8.371800E+1	4.640000E+2
1.117190E+2	9.996300E-3	1.305340E-4	-1.000370E-2	4.415510E-5	1.119400E+2	8.381800E+1	4.680000E+2
1.121440E+2	9.996350E-3	1.307960E-4	-1.000380E-2	4.465580E-5	1.123640E+2	8.392200E+1	4.720040E+2
1.125700E+2	9.996210E-3	1.317740E-4	-1.000380E-2	4.224780E-5	1.127840E+2	8.402900E+1	4.760000E+2
1.129870E+2	9.996300E-3	1.286510E-4	-1.000370E-2	4.479890E-5	1.131980E+2	8.414500E+1	4.800000E+2
1.134020E+2	9.996340E-3	1.320600E-4	-1.000380E-2	4.444120E-5	1.136130E+2	8.426600E+1	4.840010E+2
1.138110E+2	9.996190E-3	1.275540E-4	-1.000370E-2	4.258160E-5	1.140160E+2	8.439800E+1	4.880000E+2
1.142100E+2	9.996300E-3	1.293660E-4	-1.000380E-2	4.005430E-5	1.144210E+2	8.453200E+1	4.920010E+2
1.146130E+2	9.996310E-3	1.332280E-4	-1.000380E-2	4.174710E-5	1.148190E+2	8.467500E+1	4.960000E+2
1.150100E+2	9.996290E-3	1.290080E-4	-1.000380E-2	4.224780E-5	1.152110E+2	8.481700E+1	5.000010E+2
1.154040E+2	9.996280E-3	1.267430E-4	-1.000380E-2	3.848080E-5	1.156040E+2	8.496600E+1	5.040010E+2
1.157910E+2	9.996410E-3	1.307960E-4	-1.000370E-2	3.912450E-5	1.159850E+2	8.511400E+1	5.080040E+2
1.161730E+2	9.996260E-3	1.295330E-4	-1.000380E-2	4.062650E-5	1.163680E+2	8.526400E+1	5.120010E+2
1.165480E+2	9.996300E-3	1.315590E-4	-1.000370E-2	3.721710E-5	1.167410E+2	8.541600E+1	5.160010E+2
1.169190E+2	9.996150E-3	1.295570E-4	-1.000370E-2	3.905300E-5	1.171080E+2	8.556700E+1	5.199990E+2
1.172900E+2	9.996260E-3	1.301290E-4	-1.000370E-2	3.619190E-5	1.174740E+2	8.572100E+1	5.240000E+2
1.176510E+2	9.996240E-3	1.330380E-4	-1.000370E-2	3.659730E-5	1.178340E+2	8.587400E+1	5.280010E+2
1.180070E+2	9.996290E-3	1.291040E-4	-1.000370E-2	3.759860E-5	1.181900E+2	8.602900E+1	5.319990E+2
1.183600E+2	9.996280E-3	1.301770E-4	-1.000370E-2	3.666880E-5	1.185400E+2	8.619000E+1	5.360000E+2
1.187110E+2	9.996380E-3	1.331330E-4	-1.000370E-2	3.442760E-5	1.188880E+2	8.634000E+1	5.400000E+2
1.190560E+2	9.996400E-3	1.316310E-4	-1.000370E-2	3.345010E-5	1.192310E+2	8.649800E+1	5.440020E+2
1.193950E+2	9.996300E-3	1.269340E-4	-1.000360E-2	3.409390E-5	1.195710E+2	8.665200E+1	5.479990E+2
1.197330E+2	9.996330E-3	1.300330E-4	-1.000360E-2	3.149510E-5	1.199060E+2	8.680800E+1	5.519990E+2
1.200740E+2	9.996340E-3	1.300100E-4	-1.000370E-2	3.545280E-5	1.202420E+2	8.696700E+1	5.560000E+2
1.204090E+2	9.996330E-3	1.303200E-4	-1.000370E-2	3.087520E-5	1.205760E+2	8.712300E+1	5.599990E+2
1.207380E+2	9.996290E-3	1.274820E-4	-1.000370E-2	3.323560E-5	1.209090E+2	8.727900E+1	5.639990E+2
1.210730E+2	9.996370E-3	1.290560E-4	-1.000370E-2	3.261570E-5	1.212400E+2	8.743500E+1	5.680000E+2
1.214010E+2	9.996340E-3	1.288410E-4	-1.000370E-2	3.051760E-5	1.215670E+2	8.759200E+1	5.720000E+2
1.217260E+2	9.996320E-3	1.292710E-4	-1.000360E-2	3.123280E-5	1.218910E+2	8.775000E+1	5.760010E+2
1.220450E+2	9.996250E-3	1.292940E-4	-1.000380E-2	3.073220E-5	1.222110E+2	8.790200E+1	5.800030E+2
1.223640E+2	9.996330E-3	1.274110E-4	-1.000370E-2	3.156660E-5	1.225250E+2	8.806600E+1	5.840000E+2
1.226770E+2	9.996230E-3	1.281500E-4	-1.000360E-2	3.111360E-5	1.228350E+2	8.822400E+1	5.880000E+2
1.229820E+2	9.996380E-3	1.292230E-4	-1.000380E-2	3.230570E-5	1.231140E+2	8.837100E+1	5.920010E+2
1.220180E+2	9.996450E-3	1.240490E-4	-1.000380E-2	2.443790E-5	1.212010E+2	8.830000E+1	5.959990E+2
1.206330E+2	9.996450E-3	1.210690E-4	-1.000370E-2	2.088550E-5	1.200810E+2	8.819000E+1	6.000010E+2
1.195830E+2	9.996310E-3	1.235250E-4	-1.000370E-2	2.062320E-5	1.190700E+2	8.791600E+1	6.039990E+2
1.185970E+2	9.996270E-3	1.231910E-4	-1.000370E-2	2.429490E-5	1.181020E+2	8.743400E+1	6.080010E+2
1.176430E+2	9.996340E-3	1.198050E-4	-1.000370E-2	2.439020E-5	1.171620E+2	8.680800E+1	6.120000E+2
1.167050E+2	9.996340E-3	1.207830E-4	-1.000370E-2	2.212520E-5	1.162210E+2	8.611900E+1	6.160030E+2
1.157580E+2	9.996390E-3	1.234770E-4	-1.000370E-2	2.417560E-5	1.152640E+2	8.535700E+1	6.200000E+2
1.147920E+2	9.996190E-3	1.118900E-4	-1.000380E-2	1.771450E-5	1.142950E+2	8.431100E+1	6.240010E+2
1.138050E+2	9.996240E-3	1.155140E-4	-1.000370E-2	2.179150E-5	1.129070E+2	8.241300E+1	6.280000E+2
1.117640E+2	9.996300E-3	1.068590E-4	-1.000370E-2	5.457400E-5	1.103150E+2	8.152100E+1	6.320000E+2
1.087570E+2	9.996350E-3	6.761550E-5	-1.000370E-2	1.177310E-4	1.069220E+2	8.100900E+1	6.359990E+2
1.045510E+2	9.996250E-3	9.713170E-5	-1.000370E-2	1.354930E-4	1.005330E+2	8.071500E+1	6.400000E+2
9.793600E+1	9.996260E-3	9.186270E-5	-1.000370E-2	1.275780E-4	9.592100E+1	8.046200E+1	6.440000E+2
9.429200E+1	9.996330E-3	9.064670E-5	-1.000360E-2	1.237390E-4	9.260200E+1	8.034200E+1	6.480010E+2
9.131100E+1	9.996240E-3	8.621220E-5	-1.000380E-2	1.172780E-4	9.015400E+1	8.030900E+1	6.520040E+2
8.919200E+1	9.996290E-3	8.161070E-5	-1.000380E-2	1.187090E-4	8.827800E+1	8.024400E+1	6.560000E+2
8.747300E+1	9.996320E-3	8.630750E-5	-1.000370E-2	1.202110E-4	8.671000E+1	8.020400E+1	6.600000E+2
8.606100E+1	9.996280E-3	8.392330E-5	-1.000370E-2	1.201390E-4	8.539700E+1	8.020700E+1	6.640010E+2
8.481700E+1	9.996220E-3	8.180140E-5	-1.000360E-2	1.187560E-4	8.433300E+1	8.021200E+1	6.679990E+2
8.388400E+1	9.996320E-3	8.304120E-5	-1.000370E-2	1.213310E-4	8.343800E+1	8.029700E+1	6.720000E+2
8.302300E+1	9.996320E-3	8.170600E-5	-1.000380E-2	1.173500E-4	8.260100E+1	8.040600E+1	6.760000E+2
8.221900E+1	9.996280E-3	8.401870E-5	-1.000370E-2	1.196380E-4	8.183600E+1	8.047800E+1	6.800000E+2
8.151100E+1	9.996300E-3	7.886890E-5	-1.000370E-2	1.195190E-4	8.136200E+1	8.090400E+1	6.839990E+2
8.113700E+1	9.996270E-3	8.065700E-5	-1.000380E-2	1.168250E-4	8.105900E+1	8.118900E+1	6.880030E+2
8.104000E+1	9.996110E-3	8.053780E-5	-1.000370E-2	1.181130E-4	8.119900E+1	8.110900E+1	6.920000E+2
8.178400E+1	9.996220E-3	8.504390E-5	-1.000390E-2	1.171110E-4	8.227200E+1	8.107500E+1	6.959990E+2
8.285600E+1	9.996300E-3	9.009840E-5	-1.000370E-2	1.180170E-4	8.316500E+1	8.104400E+1	7.000000E+2
8.322500E+1	9.996160E-3	7.994180E-5	-1.000370E-2	1.171350E-4	8.326600E+1	8.104700E+1	7.040000E+2
8.325700E+1	9.996280E-3	8.037090E-5	-1.000370E-2	1.172300E-4	8.342100E+1	8.106700E+1	7.080010E+2
8.373300E+1	9.996230E-3	8.070470E-5	-1.000370E-2	1.172070E-4	8.389200E+1	8.107200E+1	7.120010E+2
8.395200E+1	9.996190E-3	8.347030E-5	-1.000380E-2	1.164910E-4	8.372800E+1	8.105900E+1	7.160000E+2
8.368000E+1	9.996180E-3	8.058550E-5	-1.000380E-2	1.178740E-4	8.372900E+1	8.107400E+1	7.200000E+2
8.390300E+1	9.996220E-3	8.077620E-5	-1.000380E-2	1.179930E-4	8.411600E+1	8.106700E+1	7.240030E+2
8.421000E+1	9.996270E-3	8.082390E-5	-1.000370E-2	1.148940E-4	8.417700E+1	8.105900E+1	7.280010E+2
8.409000E+1	9.996410E-3	8.265970E-5	-1.000370E-2	1.142260E-4	8.380300E+1	8.102400E+1	7.320010E+2
8.388200E+1	9.996360E-3	7.951260E-5	-1.000370E-2	1.145600E-4	8.397500E+1	8.097300E+1	7.360000E+2
8.417600E+1	9.996240E-3	8.032320E-5	-1.000380E-2	1.160140E-4	8.429100E+1	8.095100E+1	7.400000E+2
8.427400E+1	9.996280E-3	7.965560E-5	-1.000370E-2	1.144410E-4	8.423300E+1	8.094300E+1	7.440010E+2
