The operator was: Angelo Bossi
The sample measure was: Cable
The sample was biased using: 10E-3 Amps
Comments:
test run to see how the program works

Tbefore	        I+	        V+	        I-	        V-	        Tafter	        Tbase	        Time
7.819600E+1	9.998140E-3	9.825230E-5	-1.000290E-2	9.844300E-5	7.818300E+1	8.098900E+1	4.099900E+1
7.818800E+1	9.997970E-3	8.602140E-5	-1.000280E-2	1.004930E-4	7.818300E+1	8.098700E+1	4.305900E+1
7.817500E+1	9.997730E-3	8.299350E-5	-1.000290E-2	1.050710E-4	7.817800E+1	8.098000E+1	4.605800E+1
7.817400E+1	9.997820E-3	9.291170E-5	-1.000290E-2	1.002550E-4	7.816900E+1	8.097600E+1	4.905800E+1
7.815300E+1	9.997860E-3	9.157660E-5	-1.000310E-2	9.992120E-5	7.815000E+1	8.096400E+1	5.205800E+1
7.814800E+1	9.997870E-3	9.155270E-5	-1.000290E-2	1.011850E-4	7.815700E+1	8.095500E+1	5.509800E+1
7.816800E+1	9.997720E-3	9.348390E-5	-1.000300E-2	1.022820E-4	7.816900E+1	8.096200E+1	5.805800E+1
7.813500E+1	9.997650E-3	9.129050E-5	-1.000310E-2	9.808540E-5	7.813700E+1	8.094100E+1	6.105800E+1
7.816100E+1	9.997730E-3	9.338860E-5	-1.000310E-2	9.901520E-5	7.816300E+1	8.095800E+1	6.405900E+1
7.814800E+1	9.997800E-3	8.933540E-5	-1.000310E-2	9.911060E-5	7.814800E+1	8.094900E+1	6.705900E+1
7.815300E+1	9.997820E-3	9.000300E-5	-1.000310E-2	1.011370E-4	7.816900E+1	8.095600E+1	7.005900E+1
7.817900E+1	9.997690E-3	9.009840E-5	-1.000300E-2	1.018050E-4	7.819200E+1	8.097600E+1	7.399900E+1
7.819200E+1	9.997680E-3	8.802410E-5	-1.000300E-2	1.019000E-4	7.817500E+1	8.097400E+1	7.605900E+1
7.817800E+1	9.997660E-3	8.621220E-5	-1.000300E-2	9.899140E-5	7.816100E+1	8.096600E+1	7.905800E+1
7.816100E+1	9.997810E-3	8.878710E-5	-1.000310E-2	1.004460E-4	7.817900E+1	8.097400E+1	8.205800E+1
7.820100E+1	9.997750E-3	8.721350E-5	-1.000330E-2	1.008510E-4	7.820700E+1	8.099300E+1	8.506000E+1
7.821700E+1	9.997620E-3	7.977490E-5	-1.000320E-2	1.023290E-4	7.822400E+1	8.101100E+1	8.810000E+1
7.820300E+1	9.997500E-3	7.967950E-5	-1.000320E-2	1.026630E-4	7.822200E+1	8.101100E+1	9.106000E+1
7.822000E+1	9.997450E-3	8.020400E-5	-1.000330E-2	1.007320E-4	7.820600E+1	8.100500E+1	9.406000E+1
7.821500E+1	9.997540E-3	8.168220E-5	-1.000320E-2	1.018050E-4	7.820800E+1	8.100600E+1	9.705900E+1
7.821600E+1	9.998410E-3	7.832050E-5	-1.000320E-2	8.842940E-5	7.821600E+1	8.101200E+1	1.000590E+2
7.821600E+1	9.998600E-3	6.592270E-5	-1.000310E-2	8.552070E-5	7.820400E+1	8.101000E+1	1.040390E+2
7.822000E+1	9.998270E-3	7.610320E-5	-1.000300E-2	1.021390E-4	7.822200E+1	8.101400E+1	1.079980E+2
7.821700E+1	9.998050E-3	8.289810E-5	-1.000320E-2	1.003500E-4	7.822300E+1	8.101500E+1	1.119990E+2
7.820800E+1	9.998190E-3	7.796290E-5	-1.000330E-2	9.551050E-5	7.821200E+1	8.100500E+1	1.159980E+2
7.820500E+1	9.997810E-3	7.636550E-5	-1.000320E-2	1.009460E-4	7.821300E+1	8.100800E+1	1.200400E+2
7.821000E+1	9.997650E-3	8.442400E-5	-1.000320E-2	9.543900E-5	7.819900E+1	8.100200E+1	1.239990E+2
7.813700E+1	9.998200E-3	7.107260E-5	-1.000330E-2	8.757110E-5	7.808700E+1	8.093900E+1	1.280000E+2
7.801900E+1	9.998400E-3	6.558900E-5	-1.000340E-2	8.931160E-5	7.805000E+1	8.086600E+1	1.319990E+2
7.814100E+1	9.998490E-3	6.811620E-5	-1.000320E-2	9.365080E-5	7.828900E+1	8.107600E+1	1.360400E+2
7.832900E+1	9.998250E-3	6.942750E-5	-1.000330E-2	8.399490E-5	7.833100E+1	8.109700E+1	1.400000E+2
7.833100E+1	9.998200E-3	7.576940E-5	-1.000340E-2	8.628370E-5	7.833900E+1	8.110300E+1	1.439980E+2
7.833800E+1	9.998260E-3	7.193090E-5	-1.000330E-2	9.751320E-5	7.833300E+1	8.109500E+1	1.479990E+2
7.833000E+1	9.998120E-3	7.319450E-5	-1.000340E-2	8.151530E-5	7.833800E+1	8.110600E+1	1.520390E+2
7.834000E+1	9.997990E-3	7.765290E-5	-1.000330E-2	9.305480E-5	7.834400E+1	8.111800E+1	1.559990E+2
7.835000E+1	9.997540E-3	8.203980E-5	-1.000330E-2	1.018520E-4	7.835100E+1	8.113200E+1	1.599980E+2
7.835500E+1	9.997870E-3	8.430480E-5	-1.000340E-2	9.713170E-5	7.835800E+1	8.114100E+1	1.639990E+2
7.836300E+1	9.998290E-3	6.747250E-5	-1.000340E-2	9.524820E-5	7.836500E+1	8.114900E+1	1.680390E+2
7.837000E+1	9.998050E-3	7.557870E-5	-1.000340E-2	1.007560E-4	7.837400E+1	8.115600E+1	1.719990E+2
7.837900E+1	9.998100E-3	6.842610E-5	-1.000350E-2	1.017570E-4	7.838300E+1	8.117000E+1	1.760000E+2
7.838500E+1	9.998240E-3	6.473060E-5	-1.000350E-2	9.493830E-5	7.839000E+1	8.118300E+1	1.799980E+2
7.839400E+1	9.998180E-3	6.759170E-5	-1.000340E-2	9.386540E-5	7.839900E+1	8.118300E+1	1.840400E+2
7.840100E+1	9.997620E-3	8.006100E-5	-1.000330E-2	9.503360E-5	7.839300E+1	8.119200E+1	1.879990E+2
7.839500E+1	9.998050E-3	6.852150E-5	-1.000350E-2	8.237360E-5	7.839700E+1	8.119700E+1	1.919990E+2
7.839200E+1	9.998220E-3	6.268020E-5	-1.000340E-2	1.032590E-4	7.839500E+1	8.120000E+1	1.959980E+2
7.839400E+1	9.997590E-3	8.215900E-5	-1.000330E-2	1.008030E-4	7.839000E+1	8.120700E+1	2.000390E+2
7.838900E+1	9.997140E-3	6.949900E-5	-1.000330E-2	1.031400E-4	7.838600E+1	8.120600E+1	2.039980E+2
7.838900E+1	9.997160E-3	6.866460E-5	-1.000340E-2	9.713170E-5	7.838600E+1	8.121000E+1	2.079990E+2
7.837800E+1	9.997180E-3	6.468300E-5	-1.000330E-2	9.915830E-5	7.837600E+1	8.120100E+1	2.120000E+2
7.837200E+1	9.997190E-3	6.544590E-5	-1.000320E-2	9.543900E-5	7.836400E+1	8.119600E+1	2.160390E+2
7.836200E+1	9.997040E-3	6.394390E-5	-1.000320E-2	9.753700E-5	7.835500E+1	8.118900E+1	2.200000E+2
7.836200E+1	9.997060E-3	6.487370E-5	-1.000340E-2	9.710790E-5	7.835900E+1	8.118800E+1	2.239990E+2
7.834900E+1	9.996970E-3	6.308560E-5	-1.000350E-2	9.899140E-5	7.834200E+1	8.118000E+1	2.279990E+2
7.833700E+1	9.997070E-3	6.566050E-5	-1.000340E-2	9.546280E-5	7.834100E+1	8.117400E+1	2.320390E+2
7.835200E+1	9.996940E-3	6.389620E-5	-1.000340E-2	1.006130E-4	7.837700E+1	8.118200E+1	2.359990E+2
7.839600E+1	9.996970E-3	6.206040E-5	-1.000350E-2	9.922980E-5	7.841300E+1	8.120900E+1	2.399980E+2
7.842900E+1	9.996990E-3	6.606580E-5	-1.000340E-2	9.949210E-5	7.844600E+1	8.123600E+1	2.439990E+2
7.846000E+1	9.997130E-3	6.256100E-5	-1.000330E-2	9.713170E-5	7.847000E+1	8.126400E+1	2.480400E+2
7.847300E+1	9.997460E-3	5.817410E-5	-1.000350E-2	8.559230E-5	7.847600E+1	8.127900E+1	2.520000E+2
7.847600E+1	9.998000E-3	3.936290E-5	-1.000350E-2	9.014610E-5	7.847600E+1	8.129400E+1	2.560000E+2
7.848200E+1	9.998040E-3	5.223750E-5	-1.000350E-2	8.008480E-5	7.848100E+1	8.130100E+1	2.599980E+2
7.848400E+1	9.997970E-3	5.569460E-5	-1.000350E-2	7.917880E-5	7.848200E+1	8.131100E+1	2.640400E+2
7.848300E+1	9.997930E-3	4.880430E-5	-1.000350E-2	7.846360E-5	7.848300E+1	8.131200E+1	2.680000E+2
7.848300E+1	9.997780E-3	5.915170E-5	-1.000360E-2	9.510520E-5	7.848500E+1	8.131800E+1	2.720000E+2
7.848000E+1	9.997920E-3	6.668570E-5	-1.000360E-2	9.386540E-5	7.848100E+1	8.132100E+1	2.760000E+2
7.848500E+1	9.997300E-3	7.774830E-5	-1.000360E-2	9.806160E-5	7.848600E+1	8.132300E+1	2.800380E+2
7.848400E+1	9.997040E-3	7.462500E-5	-1.000360E-2	9.527210E-5	7.848700E+1	8.132600E+1	2.839990E+2
7.848800E+1	9.997090E-3	7.624630E-5	-1.000360E-2	9.415150E-5	7.848600E+1	8.132900E+1	2.879990E+2
7.848400E+1	9.997350E-3	6.217960E-5	-1.000370E-2	1.011610E-4	7.848600E+1	8.133200E+1	2.919980E+2
7.848900E+1	9.997820E-3	4.656310E-5	-1.000370E-2	8.099080E-5	7.849000E+1	8.133200E+1	2.960400E+2
7.848800E+1	9.997850E-3	5.178450E-5	-1.000360E-2	9.565350E-5	7.848500E+1	8.133600E+1	2.999990E+2
7.848700E+1	9.998100E-3	4.122260E-5	-1.000360E-2	7.667540E-5	7.848900E+1	8.134100E+1	3.039980E+2
7.848900E+1	9.997550E-3	5.433560E-5	-1.000360E-2	7.529260E-5	7.849100E+1	8.134300E+1	3.080000E+2
7.848900E+1	9.997900E-3	3.910060E-5	-1.000350E-2	8.468630E-5	7.848800E+1	8.135200E+1	3.120390E+2
7.849100E+1	9.997430E-3	5.626680E-5	-1.000360E-2	9.202960E-5	7.849000E+1	8.135300E+1	3.159990E+2
7.849100E+1	9.996940E-3	6.296630E-5	-1.000360E-2	8.080010E-5	7.849300E+1	8.135200E+1	3.200000E+2
7.849100E+1	9.997940E-3	3.359320E-5	-1.000370E-2	7.603170E-5	7.849000E+1	8.135300E+1	3.239990E+2
7.849400E+1	9.997970E-3	4.563330E-5	-1.000360E-2	7.345680E-5	7.849100E+1	8.135900E+1	3.280400E+2
7.849300E+1	9.997750E-3	2.772810E-5	-1.000370E-2	7.121560E-5	7.849100E+1	8.136200E+1	3.320000E+2
7.849300E+1	9.997800E-3	3.333090E-5	-1.000380E-2	8.153920E-5	7.849200E+1	8.136600E+1	3.360000E+2
7.849400E+1	9.997890E-3	4.274850E-5	-1.000370E-2	7.591250E-5	7.849600E+1	8.136900E+1	3.399990E+2
7.849400E+1	9.997830E-3	3.988740E-5	-1.000370E-2	7.829670E-5	7.849500E+1	8.137200E+1	3.440720E+2
7.849600E+1	9.997540E-3	5.176070E-5	-1.000390E-2	8.168220E-5	7.849000E+1	8.137800E+1	3.479990E+2
7.848800E+1	9.997670E-3	4.603860E-5	-1.000380E-2	7.836820E-5	7.849200E+1	8.138000E+1	3.519990E+2
7.849100E+1	9.997800E-3	4.346370E-5	-1.000380E-2	7.588860E-5	7.849200E+1	8.138500E+1	3.560000E+2
7.849300E+1	9.997310E-3	6.814000E-5	-1.000370E-2	9.007450E-5	7.849000E+1	8.139000E+1	3.600400E+2
7.849000E+1	9.997450E-3	6.082060E-5	-1.000390E-2	9.288790E-5	7.849100E+1	8.138700E+1	3.640000E+2
7.849500E+1	9.997490E-3	6.327630E-5	-1.000390E-2	9.982590E-5	7.849200E+1	8.139500E+1	3.679980E+2
7.849300E+1	9.997190E-3	7.421970E-5	-1.000390E-2	9.911060E-5	7.849400E+1	8.139800E+1	3.719990E+2
7.849300E+1	9.996960E-3	7.524490E-5	-1.000370E-2	9.615420E-5	7.849100E+1	8.140500E+1	3.760390E+2
7.849400E+1	9.996970E-3	7.352830E-5	-1.000370E-2	9.939670E-5	7.849100E+1	8.140800E+1	3.800000E+2
7.849400E+1	9.997030E-3	7.650850E-5	-1.000380E-2	9.765630E-5	7.849800E+1	8.141500E+1	3.840000E+2
7.850300E+1	9.996950E-3	7.660390E-5	-1.000390E-2	9.632110E-5	7.850300E+1	8.142100E+1	3.880000E+2
7.850300E+1	9.996980E-3	7.462500E-5	-1.000380E-2	9.436610E-5	7.850300E+1	8.142800E+1	3.920390E+2
7.850200E+1	9.996750E-3	7.584100E-5	-1.000380E-2	9.565350E-5	7.850300E+1	8.143400E+1	3.960000E+2
7.850500E+1	9.996890E-3	7.641320E-5	-1.000380E-2	9.517670E-5	7.850500E+1	8.144000E+1	3.999980E+2
7.850600E+1	9.996900E-3	7.476810E-5	-1.000390E-2	9.925370E-5	7.850900E+1	8.145100E+1	4.039990E+2
7.851000E+1	9.996890E-3	7.619860E-5	-1.000390E-2	9.548660E-5	7.850600E+1	8.145600E+1	4.080410E+2
7.850900E+1	9.996850E-3	7.355210E-5	-1.000390E-2	9.844300E-5	7.863600E+1	8.146600E+1	4.120000E+2
7.905500E+1	9.996820E-3	6.887910E-5	-1.000390E-2	9.541510E-5	7.955400E+1	8.147700E+1	4.160000E+2
7.989000E+1	9.996950E-3	7.035730E-5	-1.000390E-2	1.006130E-4	8.066700E+1	8.149000E+1	4.200000E+2
8.210300E+1	9.996780E-3	7.469650E-5	-1.000380E-2	9.710790E-5	8.292200E+1	8.150300E+1	4.240390E+2
8.351700E+1	9.996570E-3	5.748270E-5	-1.000370E-2	9.346010E-5	8.411600E+1	8.152200E+1	4.279990E+2
8.478000E+1	9.996640E-3	6.971360E-5	-1.000380E-2	9.295940E-5	8.542000E+1	8.154500E+1	4.320000E+2
8.598500E+1	9.996550E-3	5.927090E-5	-1.000380E-2	9.474750E-5	8.655400E+1	8.156400E+1	4.360000E+2
8.705300E+1	9.996610E-3	6.060600E-5	-1.000370E-2	9.355540E-5	8.756800E+1	8.159200E+1	4.400390E+2
8.804500E+1	9.996460E-3	6.041530E-5	-1.000380E-2	9.238720E-5	8.854700E+1	8.161100E+1	4.439980E+2
8.898500E+1	9.996490E-3	5.898480E-5	-1.000380E-2	9.105210E-5	8.942200E+1	8.163300E+1	4.479980E+2
8.980900E+1	9.996410E-3	5.857940E-5	-1.000390E-2	9.477140E-5	9.019000E+1	8.165000E+1	4.519990E+2
9.052900E+1	9.996610E-3	5.762580E-5	-1.000400E-2	9.229180E-5	9.088400E+1	8.167300E+1	4.560390E+2
9.117500E+1	9.996590E-3	5.817410E-5	-1.000410E-2	9.717940E-5	9.147500E+1	8.167200E+1	4.599990E+2
9.174100E+1	9.996810E-3	5.893710E-5	-1.000400E-2	9.343620E-5	9.200800E+1	8.166300E+1	4.639980E+2
9.224600E+1	9.997360E-3	4.200940E-5	-1.000410E-2	8.988380E-5	9.248100E+1	8.168100E+1	4.679980E+2
9.269700E+1	9.997080E-3	5.397800E-5	-1.000400E-2	7.550720E-5	9.291700E+1	8.168800E+1	4.720680E+2
9.310400E+1	9.997300E-3	3.547670E-5	-1.000410E-2	7.872580E-5	9.330100E+1	8.170500E+1	4.759990E+2
9.346800E+1	9.997550E-3	2.176760E-5	-1.000400E-2	8.113380E-5	9.364800E+1	8.172800E+1	4.799990E+2
9.380900E+1	9.997460E-3	3.194810E-5	-1.000410E-2	8.394720E-5	9.396800E+1	8.175300E+1	4.839990E+2
9.411500E+1	9.997440E-3	5.481240E-5	-1.000410E-2	8.041860E-5	9.426700E+1	8.178700E+1	4.880400E+2
9.440100E+1	9.997540E-3	4.618170E-5	-1.000400E-2	8.735660E-5	9.453900E+1	8.183400E+1	4.919990E+2
9.466400E+1	9.997200E-3	5.044940E-5	-1.000400E-2	1.006840E-4	9.479500E+1	8.190200E+1	4.959990E+2
9.490500E+1	9.997480E-3	4.484650E-5	-1.000400E-2	9.994510E-5	9.502000E+1	8.196000E+1	4.999990E+2
9.512200E+1	9.997400E-3	5.581380E-5	-1.000390E-2	9.543900E-5	9.523000E+1	8.202200E+1	5.040390E+2
9.532100E+1	9.997120E-3	5.497930E-5	-1.000400E-2	1.016140E-4	9.541400E+1	8.207400E+1	5.079990E+2
9.549800E+1	9.997310E-3	5.197530E-5	-1.000410E-2	9.341240E-5	9.559000E+1	8.213200E+1	5.120000E+2
9.566700E+1	9.997170E-3	5.800720E-5	-1.000400E-2	9.536740E-5	9.574900E+1	8.218500E+1	5.159990E+2
9.582200E+1	9.997120E-3	5.671980E-5	-1.000400E-2	9.448530E-5	9.590000E+1	8.223400E+1	5.200390E+2
9.596500E+1	9.997200E-3	5.028250E-5	-1.000400E-2	9.288790E-5	9.603600E+1	8.228800E+1	5.239990E+2
9.609900E+1	9.997350E-3	3.876690E-5	-1.000410E-2	8.745190E-5	9.616900E+1	8.233600E+1	5.279990E+2
9.622800E+1	9.997270E-3	4.475120E-5	-1.000430E-2	9.300710E-5	9.629600E+1	8.238700E+1	5.320000E+2
9.635500E+1	9.997150E-3	4.839900E-5	-1.000420E-2	9.047990E-5	9.642100E+1	8.243100E+1	5.360400E+2
9.647400E+1	9.997250E-3	5.035400E-5	-1.000410E-2	9.295940E-5	9.653300E+1	8.248300E+1	5.400000E+2
9.658600E+1	9.997190E-3	5.643370E-5	-1.000410E-2	9.367470E-5	9.663600E+1	8.252700E+1	5.440000E+2
9.668500E+1	9.996960E-3	7.221700E-5	-1.000420E-2	1.050470E-4	9.673600E+1	8.258000E+1	5.479990E+2
9.678400E+1	9.996910E-3	7.407670E-5	-1.000400E-2	1.027350E-4	9.683000E+1	8.263600E+1	5.520410E+2
9.686600E+1	9.997120E-3	4.651550E-5	-1.000410E-2	9.629730E-5	9.690800E+1	8.268400E+1	5.559980E+2
9.695300E+1	9.996860E-3	5.900860E-5	-1.000410E-2	9.653570E-5	9.700000E+1	8.274500E+1	5.599990E+2
9.704900E+1	9.997210E-3	4.570480E-5	-1.000410E-2	9.024140E-5	9.710400E+1	8.280600E+1	5.639990E+2
9.715100E+1	9.997050E-3	5.118850E-5	-1.000410E-2	9.305480E-5	9.720700E+1	8.287400E+1	5.680390E+2
9.725500E+1	9.997140E-3	4.761220E-5	-1.000420E-2	1.007080E-4	9.730900E+1	8.294400E+1	5.720000E+2
9.736000E+1	9.997230E-3	4.343990E-5	-1.000420E-2	9.403230E-5	9.741700E+1	8.302200E+1	5.759980E+2
9.746400E+1	9.997280E-3	4.518030E-5	-1.000420E-2	8.766650E-5	9.751900E+1	8.310100E+1	5.799990E+2
9.756500E+1	9.997210E-3	4.825590E-5	-1.000410E-2	9.744170E-5	9.761700E+1	8.318700E+1	5.840400E+2
9.766300E+1	9.996950E-3	7.047650E-5	-1.000410E-2	1.042130E-4	9.771300E+1	8.326800E+1	5.879990E+2
9.775900E+1	9.996770E-3	7.693770E-5	-1.000410E-2	1.071450E-4	9.780800E+1	8.336200E+1	5.920000E+2
9.772600E+1	9.996690E-3	7.526870E-5	-1.000420E-2	1.083850E-4	9.781500E+1	8.345300E+1	5.959990E+2
9.788300E+1	9.996610E-3	6.606580E-5	-1.000420E-2	1.052140E-4	9.794200E+1	8.354800E+1	6.000390E+2
9.799100E+1	9.996370E-3	6.854530E-5	-1.000430E-2	1.048330E-4	9.804400E+1	8.364500E+1	6.040000E+2
9.809100E+1	9.996280E-3	6.799700E-5	-1.000410E-2	1.055720E-4	9.814500E+1	8.373700E+1	6.079990E+2
9.819200E+1	9.996460E-3	6.592270E-5	-1.000410E-2	1.038790E-4	9.824300E+1	8.383200E+1	6.119990E+2
9.829900E+1	9.996320E-3	6.847380E-5	-1.000420E-2	1.044990E-4	9.835400E+1	8.392500E+1	6.160400E+2
9.841000E+1	9.996400E-3	6.899830E-5	-1.000420E-2	1.058820E-4	9.846900E+1	8.402400E+1	6.199980E+2
9.853100E+1	9.996380E-3	6.868840E-5	-1.000420E-2	1.037360E-4	9.859700E+1	8.412200E+1	6.240000E+2
9.866700E+1	9.996320E-3	6.470680E-5	-1.000440E-2	1.012800E-4	9.874100E+1	8.421800E+1	6.279990E+2
9.881300E+1	9.996340E-3	6.611350E-5	-1.000420E-2	1.053810E-4	9.889800E+1	8.432200E+1	6.320390E+2
9.897700E+1	9.996400E-3	7.617470E-5	-1.000430E-2	1.065250E-4	9.907200E+1	8.441400E+1	6.359990E+2
9.916400E+1	9.996370E-3	7.555480E-5	-1.000430E-2	1.044270E-4	9.927100E+1	8.451300E+1	6.399990E+2
9.937600E+1	9.996500E-3	7.674690E-5	-1.000430E-2	1.022340E-4	9.949100E+1	8.461600E+1	6.440000E+2
9.960800E+1	9.996420E-3	6.778240E-5	-1.000420E-2	1.044270E-4	9.974200E+1	8.471700E+1	6.480390E+2
9.986800E+1	9.996350E-3	7.100110E-5	-1.000410E-2	1.063820E-4	1.000170E+2	8.481800E+1	6.519990E+2
1.001630E+2	9.996390E-3	7.340910E-5	-1.000420E-2	1.112700E-4	1.003330E+2	8.491600E+1	6.560000E+2
1.005000E+2	9.996340E-3	7.424350E-5	-1.000430E-2	1.090290E-4	1.006960E+2	8.502100E+1	6.599990E+2
1.008870E+2	9.996460E-3	6.802080E-5	-1.000430E-2	1.065730E-4	1.011120E+2	8.512200E+1	6.640390E+2
1.013280E+2	9.996430E-3	7.143020E-5	-1.000420E-2	1.058340E-4	1.015700E+2	8.522100E+1	6.680000E+2
1.018130E+2	9.996500E-3	8.094310E-5	-1.000430E-2	9.424690E-5	1.020740E+2	8.532100E+1	6.719980E+2
1.023290E+2	9.996420E-3	9.179120E-5	-1.000440E-2	8.137230E-5	1.025960E+2	8.541500E+1	6.759980E+2
1.028470E+2	9.996650E-3	1.024010E-4	-1.000440E-2	5.834100E-5	1.031300E+2	8.543600E+1	6.800400E+2
1.033680E+2	9.996580E-3	1.084570E-4	-1.000430E-2	5.235670E-5	1.036340E+2	8.526400E+1	6.840000E+2
1.038840E+2	9.996780E-3	1.011850E-4	-1.000440E-2	4.796980E-5	1.041480E+2	8.500400E+1	6.879990E+2
1.044140E+2	9.996840E-3	1.080750E-4	-1.000440E-2	3.938670E-5	1.046980E+2	8.492400E+1	6.920000E+2
1.049720E+2	9.996730E-3	1.033070E-4	-1.000430E-2	4.305840E-5	1.052740E+2	8.499500E+1	6.960430E+2
1.055460E+2	9.997020E-3	8.952620E-5	-1.000450E-2	3.795620E-5	1.058410E+2	8.509500E+1	6.999990E+2
1.061140E+2	9.996800E-3	1.008270E-4	-1.000430E-2	3.237720E-5	1.064060E+2	8.516900E+1	7.040000E+2
1.066690E+2	9.996940E-3	8.583070E-5	-1.000460E-2	2.264980E-5	1.069510E+2	8.522200E+1	7.080000E+2
1.072080E+2	9.996990E-3	8.630750E-5	-1.000430E-2	2.396110E-5	1.074890E+2	8.523100E+1	7.120400E+2
1.077360E+2	9.996860E-3	9.167190E-5	-1.000430E-2	2.505780E-5	1.079990E+2	8.523600E+1	7.159990E+2
1.082430E+2	9.996850E-3	9.067060E-5	-1.000450E-2	2.419950E-5	1.085080E+2	8.523300E+1	7.199990E+2
1.087490E+2	9.996480E-3	1.031880E-4	-1.000440E-2	2.717970E-5	1.090070E+2	8.524900E+1	7.240000E+2
1.092430E+2	9.996670E-3	9.543900E-5	-1.000440E-2	2.324580E-5	1.094970E+2	8.525900E+1	7.280400E+2
1.097240E+2	9.996900E-3	8.502010E-5	-1.000450E-2	1.676080E-5	1.099680E+2	8.528900E+1	7.320000E+2
1.101930E+2	9.997000E-3	7.252690E-5	-1.000440E-2	1.835820E-5	1.104310E+2	8.530300E+1	7.359990E+2
1.106550E+2	9.996420E-3	9.717940E-5	-1.000440E-2	1.995560E-5	1.108830E+2	8.532300E+1	7.399990E+2
1.111010E+2	9.997050E-3	7.770060E-5	-1.000440E-2	2.646450E-6	1.113330E+2	8.535700E+1	7.440380E+2
1.115410E+2	9.996810E-3	8.668900E-5	-1.000450E-2	4.196170E-6	1.117620E+2	8.538400E+1	7.479990E+2
1.119730E+2	9.996590E-3	9.431840E-5	-1.000450E-2	1.935960E-5	1.121870E+2	8.542500E+1	7.519990E+2
1.123960E+2	9.996690E-3	9.233950E-5	-1.000450E-2	1.642700E-5	1.126060E+2	8.546400E+1	7.560000E+2
1.128080E+2	9.996700E-3	9.348390E-5	-1.000450E-2	1.719000E-5	1.130230E+2	8.551300E+1	7.600380E+2
1.132140E+2	9.996350E-3	9.727480E-5	-1.000460E-2	1.478200E-5	1.134190E+2	8.555500E+1	7.639990E+2
1.136150E+2	9.996330E-3	9.827610E-5	-1.000450E-2	1.502040E-5	1.138200E+2	8.560600E+1	7.680000E+2
1.140110E+2	9.996270E-3	9.830000E-5	-1.000460E-2	1.282690E-5	1.142080E+2	8.565200E+1	7.719990E+2
1.143990E+2	9.996170E-3	9.744170E-5	-1.000450E-2	1.468660E-5	1.146020E+2	8.569900E+1	7.760390E+2
1.147850E+2	9.996280E-3	9.644030E-5	-1.000440E-2	9.942050E-6	1.148920E+2	8.573400E+1	7.791080E+2
1.150670E+2	9.996210E-3	9.558200E-5	-1.000440E-2	1.325610E-5	1.152590E+2	8.578600E+1	7.829990E+2
1.154400E+2	9.996130E-3	9.646420E-5	-1.000460E-2	1.063350E-5	1.156270E+2	8.582900E+1	7.870000E+2
1.158020E+2	9.996230E-3	9.791850E-5	-1.000440E-2	1.087190E-5	1.159900E+2	8.588000E+1	7.909990E+2
1.161570E+2	9.996140E-3	9.558200E-5	-1.000450E-2	1.096730E-5	1.163460E+2	8.594000E+1	7.949990E+2
1.165120E+2	9.996170E-3	9.694100E-5	-1.000460E-2	7.677080E-6	1.166900E+2	8.599500E+1	7.989990E+2
1.168570E+2	9.996240E-3	9.689330E-5	-1.000460E-2	1.153950E-5	1.170320E+2	8.605300E+1	8.029990E+2
1.171920E+2	9.996180E-3	9.582040E-5	-1.000460E-2	6.747250E-6	1.173630E+2	8.611400E+1	8.069990E+2
1.175240E+2	9.996070E-3	9.837150E-5	-1.000460E-2	6.723400E-6	1.176920E+2	8.617700E+1	8.110000E+2
1.178460E+2	9.996110E-3	9.527210E-5	-1.000470E-2	4.792210E-6	1.180090E+2	8.624100E+1	8.149990E+2
1.181640E+2	9.996110E-3	9.641650E-5	-1.000460E-2	6.890300E-6	1.183290E+2	8.631000E+1	8.189990E+2
1.184790E+2	9.996100E-3	9.746550E-5	-1.000460E-2	3.027920E-6	1.186360E+2	8.637000E+1	8.230000E+2
1.187830E+2	9.996190E-3	9.415150E-5	-1.000450E-2	2.408030E-6	1.189430E+2	8.643900E+1	8.269980E+2
1.190840E+2	9.996200E-3	9.245870E-5	-1.000460E-2	2.026560E-6	1.192400E+2	8.649600E+1	8.309990E+2
1.193840E+2	9.996180E-3	9.613040E-5	-1.000460E-2	3.790860E-6	1.195320E+2	8.656000E+1	8.349980E+2
1.196770E+2	9.996280E-3	9.408000E-5	-1.000450E-2	3.695490E-6	1.198230E+2	8.662800E+1	8.389990E+2
1.199600E+2	9.996210E-3	9.369850E-5	-1.000450E-2	2.312660E-6	1.201090E+2	8.669100E+1	8.429990E+2
1.202440E+2	9.996140E-3	9.412770E-5	-1.000460E-2	2.455710E-6	1.203890E+2	8.676100E+1	8.470000E+2
1.205260E+2	9.996170E-3	9.472370E-5	-1.000460E-2	-2.384190E-8	1.206650E+2	8.682000E+1	8.509990E+2
1.208050E+2	9.996160E-3	9.388920E-5	-1.000470E-2	3.147130E-6	1.209420E+2	8.689000E+1	8.549990E+2
1.210750E+2	9.996180E-3	9.350780E-5	-1.000470E-2	2.932550E-6	1.212130E+2	8.696000E+1	8.589990E+2
1.213410E+2	9.996190E-3	9.617810E-5	-1.000470E-2	-3.218650E-6	1.214800E+2	8.702800E+1	8.630000E+2
1.216070E+2	9.996260E-3	9.191040E-5	-1.000470E-2	7.867810E-7	1.217430E+2	8.709700E+1	8.669990E+2
1.218640E+2	9.996200E-3	9.222030E-5	-1.000470E-2	-1.907350E-7	1.219950E+2	8.717300E+1	8.709990E+2
1.221190E+2	9.996230E-3	9.338860E-5	-1.000460E-2	-1.144410E-6	1.222440E+2	8.723900E+1	8.750000E+2
1.223690E+2	9.996200E-3	9.295940E-5	-1.000470E-2	3.099440E-7	1.224880E+2	8.730700E+1	8.789990E+2
1.226110E+2	9.996210E-3	9.100440E-5	-1.000470E-2	-3.814700E-7	1.227330E+2	8.738200E+1	8.830000E+2
1.228430E+2	9.996330E-3	9.567740E-5	-1.000460E-2	1.478200E-6	1.229640E+2	8.745500E+1	8.869990E+2
1.230770E+2	9.996070E-3	9.386540E-5	-1.000460E-2	-1.621250E-6	1.231960E+2	8.753300E+1	8.909990E+2
1.233100E+2	9.996080E-3	9.450910E-5	-1.000470E-2	-1.549720E-6	1.234370E+2	8.767000E+1	8.949990E+2
1.235560E+2	9.996090E-3	9.419920E-5	-1.000460E-2	2.384190E-8	1.236840E+2	8.780400E+1	8.990000E+2
1.237980E+2	9.996220E-3	9.243490E-5	-1.000460E-2	-2.384190E-8	1.239230E+2	8.793900E+1	9.029990E+2
1.240390E+2	9.996190E-3	9.279250E-5	-1.000460E-2	-8.344650E-7	1.241630E+2	8.806000E+1	9.070000E+2
1.242760E+2	9.996150E-3	9.489060E-5	-1.000470E-2	3.337860E-7	1.243990E+2	8.819600E+1	9.110000E+2
1.245130E+2	9.996130E-3	9.586810E-5	-1.000470E-2	1.192090E-6	1.246350E+2	8.833400E+1	9.150000E+2
1.247450E+2	9.996070E-3	9.350780E-5	-1.000480E-2	-1.168250E-6	1.248620E+2	8.846600E+1	9.189990E+2
1.249780E+2	9.996070E-3	9.560590E-5	-1.000470E-2	-2.098080E-6	1.250980E+2	8.859600E+1	9.230000E+2
1.252040E+2	9.996100E-3	9.381770E-5	-1.000480E-2	-4.696850E-6	1.253220E+2	8.873200E+1	9.270000E+2
1.254330E+2	9.996200E-3	9.579660E-5	-1.000470E-2	-1.478200E-6	1.255490E+2	8.887300E+1	9.309990E+2
1.256590E+2	9.996170E-3	9.570120E-5	-1.000480E-2	-2.455710E-6	1.257690E+2	8.900500E+1	9.349990E+2
1.258780E+2	9.996160E-3	9.615420E-5	-1.000470E-2	3.814700E-7	1.259930E+2	8.914200E+1	9.390000E+2
1.260970E+2	9.996050E-3	9.682180E-5	-1.000480E-2	-3.790860E-6	1.262110E+2	8.927500E+1	9.430000E+2
1.263120E+2	9.996120E-3	9.601120E-5	-1.000480E-2	1.215930E-6	1.264290E+2	8.940700E+1	9.469980E+2
1.265350E+2	9.996240E-3	9.462830E-5	-1.000490E-2	-1.859660E-6	1.266400E+2	8.953200E+1	9.509980E+2
1.267490E+2	9.996190E-3	9.434220E-5	-1.000470E-2	-3.576280E-6	1.268560E+2	8.967100E+1	9.550000E+2
1.269600E+2	9.996040E-3	9.603500E-5	-1.000470E-2	9.059910E-7	1.270680E+2	8.982100E+1	9.589990E+2
1.271710E+2	9.996030E-3	9.562970E-5	-1.000470E-2	-2.074240E-6	1.272800E+2	8.995400E+1	9.629990E+2
1.273810E+2	9.996280E-3	9.667870E-5	-1.000480E-2	-2.479550E-6	1.274910E+2	9.009900E+1	9.670000E+2
1.275920E+2	9.996130E-3	9.410380E-5	-1.000470E-2	-1.835820E-6	1.276980E+2	9.023900E+1	9.709990E+2
1.277940E+2	9.996100E-3	9.434220E-5	-1.000490E-2	-2.837180E-6	1.279020E+2	9.038200E+1	9.750000E+2
1.279990E+2	9.996160E-3	9.560590E-5	-1.000470E-2	-3.910060E-6	1.281090E+2	9.052300E+1	9.789990E+2
1.282060E+2	9.996150E-3	9.632110E-5	-1.000480E-2	-1.311300E-6	1.283160E+2	9.067300E+1	9.829980E+2
1.284220E+2	9.996070E-3	9.737010E-5	-1.000490E-2	-1.931190E-6	1.285320E+2	9.084500E+1	9.869990E+2
1.286360E+2	9.995980E-3	9.422300E-5	-1.000480E-2	-4.196170E-6	1.287500E+2	9.100800E+1	9.909980E+2
1.288540E+2	9.996030E-3	9.391310E-5	-1.000490E-2	-3.027920E-6	1.289650E+2	9.118100E+1	9.950000E+2
1.290690E+2	9.996110E-3	9.491440E-5	-1.000490E-2	-6.747250E-6	1.291790E+2	9.134600E+1	9.990000E+2
1.292840E+2	9.996080E-3	9.100440E-5	-1.000490E-2	-5.292890E-6	1.293940E+2	9.151200E+1	1.002999E+3
1.295000E+2	9.996080E-3	9.629730E-5	-1.000490E-2	-3.480910E-6	1.296110E+2	9.168000E+1	1.006999E+3
1.297130E+2	9.996070E-3	9.505750E-5	-1.000480E-2	-7.581710E-6	1.298170E+2	9.185100E+1	1.011000E+3
1.299220E+2	9.996170E-3	9.312630E-5	-1.000500E-2	-5.602840E-6	1.300320E+2	9.201700E+1	1.015000E+3
1.301320E+2	9.996170E-3	9.474750E-5	-1.000500E-2	-5.865100E-6	1.302430E+2	9.217700E+1	1.018999E+3
1.303410E+2	9.996150E-3	9.262560E-5	-1.000500E-2	-5.412100E-6	1.304500E+2	9.233500E+1	1.022999E+3
1.305510E+2	9.996050E-3	9.756090E-5	-1.000500E-2	-8.845330E-6	1.306630E+2	9.249900E+1	1.027000E+3
1.307610E+2	9.996140E-3	9.503360E-5	-1.000500E-2	-1.182560E-5	1.308690E+2	9.266000E+1	1.030999E+3
1.309630E+2	9.996100E-3	9.474750E-5	-1.000470E-2	-8.893010E-6	1.310740E+2	9.282300E+1	1.034998E+3
1.311770E+2	9.996070E-3	9.326940E-5	-1.000490E-2	-6.866460E-6	1.312830E+2	9.299100E+1	1.038999E+3
1.313800E+2	9.996100E-3	9.791850E-5	-1.000490E-2	-7.152560E-6	1.314890E+2	9.314600E+1	1.042999E+3
1.315860E+2	9.996160E-3	9.408000E-5	-1.000490E-2	-5.698200E-6	1.316940E+2	9.330600E+1	1.047000E+3
1.317920E+2	9.995970E-3	9.756090E-5	-1.000480E-2	-5.650520E-6	1.318990E+2	9.346800E+1	1.050999E+3
1.319910E+2	9.996050E-3	9.973050E-5	-1.000470E-2	-5.674360E-6	1.320930E+2	9.361900E+1	1.054998E+3
1.321940E+2	9.995940E-3	9.751320E-5	-1.000480E-2	-1.549720E-6	1.322980E+2	9.377800E+1	1.059000E+3
1.323980E+2	9.995970E-3	1.022820E-4	-1.000480E-2	-2.574920E-6	1.325000E+2	9.393600E+1	1.062998E+3
1.326040E+2	9.995910E-3	1.020670E-4	-1.000450E-2	-3.433230E-6	1.327050E+2	9.409500E+1	1.067000E+3
1.328000E+2	9.995950E-3	9.949210E-5	-1.000460E-2	-4.482270E-6	1.328990E+2	9.425400E+1	1.071000E+3
1.329990E+2	9.996070E-3	1.003030E-4	-1.000450E-2	-5.078320E-6	1.331040E+2	9.440800E+1	1.074999E+3
1.332010E+2	9.996000E-3	1.008510E-4	-1.000450E-2	-4.053120E-6	1.333010E+2	9.457100E+1	1.078999E+3
1.334010E+2	9.995980E-3	9.992120E-5	-1.000450E-2	-1.525880E-6	1.335020E+2	9.473000E+1	1.082999E+3
1.335970E+2	9.996020E-3	1.022820E-4	-1.000450E-2	-1.120570E-6	1.336970E+2	9.488400E+1	1.086998E+3
1.337970E+2	9.996060E-3	1.044030E-4	-1.000440E-2	-2.312660E-6	1.338980E+2	9.503900E+1	1.090999E+3
1.339930E+2	9.996010E-3	1.044510E-4	-1.000440E-2	7.629390E-7	1.340940E+2	9.520400E+1	1.094998E+3
1.341910E+2	9.995990E-3	1.072650E-4	-1.000430E-2	-2.384190E-7	1.342910E+2	9.536600E+1	1.098999E+3
1.343850E+2	9.995990E-3	1.093390E-4	-1.000420E-2	7.152560E-8	1.344860E+2	9.552800E+1	1.103000E+3
1.345790E+2	9.996050E-3	1.091480E-4	-1.000420E-2	3.814700E-7	1.346770E+2	9.568500E+1	1.107000E+3
1.347720E+2	9.996050E-3	1.089810E-4	-1.000410E-2	-1.382830E-6	1.348690E+2	9.583900E+1	1.111000E+3
1.349630E+2	9.996080E-3	1.093860E-4	-1.000410E-2	2.145770E-7	1.350630E+2	9.599300E+1	1.114999E+3
1.351560E+2	9.996020E-3	1.093390E-4	-1.000410E-2	3.504750E-6	1.352540E+2	9.615400E+1	1.118999E+3
1.353420E+2	9.996110E-3	1.114610E-4	-1.000400E-2	2.980230E-6	1.354440E+2	9.631000E+1	1.122999E+3
1.355390E+2	9.996100E-3	1.126290E-4	-1.000380E-2	2.527240E-6	1.356370E+2	9.646300E+1	1.127000E+3
1.357270E+2	9.996080E-3	1.114370E-4	-1.000390E-2	1.955030E-6	1.358220E+2	9.661400E+1	1.130999E+3
1.359180E+2	9.996130E-3	1.111510E-4	-1.000390E-2	6.723400E-6	1.360160E+2	9.676600E+1	1.135000E+3
1.361060E+2	9.996050E-3	1.163960E-4	-1.000380E-2	5.650520E-6	1.362050E+2	9.692500E+1	1.138999E+3
1.362980E+2	9.996110E-3	1.158710E-4	-1.000370E-2	6.055830E-6	1.363960E+2	9.708100E+1	1.142999E+3
1.364870E+2	9.996190E-3	1.148460E-4	-1.000380E-2	8.773800E-6	1.365820E+2	9.723700E+1	1.146999E+3
1.366740E+2	9.996200E-3	1.178260E-4	-1.000380E-2	1.032350E-5	1.367690E+2	9.739400E+1	1.151000E+3
1.368600E+2	9.996240E-3	1.180170E-4	-1.000370E-2	8.893010E-6	1.369550E+2	9.754100E+1	1.155000E+3
1.370460E+2	9.996300E-3	1.177310E-4	-1.000360E-2	1.015660E-5	1.371420E+2	9.770300E+1	1.158999E+3
1.372330E+2	9.996370E-3	1.195430E-4	-1.000380E-2	1.180170E-5	1.373270E+2	9.785400E+1	1.162999E+3
1.374170E+2	9.996350E-3	1.181360E-4	-1.000370E-2	9.894370E-6	1.375110E+2	9.801100E+1	1.166999E+3
1.375990E+2	9.996580E-3	1.135590E-4	-1.000370E-2	1.165870E-5	1.376960E+2	9.817000E+1	1.171000E+3
1.377840E+2	9.996720E-3	1.149890E-4	-1.000370E-2	1.137260E-5	1.378830E+2	9.832800E+1	1.174999E+3
1.379690E+2	9.996490E-3	1.166340E-4	-1.000360E-2	1.182560E-5	1.380650E+2	9.848500E+1	1.179000E+3
1.381500E+2	9.996720E-3	1.080750E-4	-1.000370E-2	8.320810E-6	1.382480E+2	9.864100E+1	1.182999E+3
1.383350E+2	9.996710E-3	1.133680E-4	-1.000360E-2	3.671650E-6	1.384310E+2	9.879900E+1	1.186998E+3
1.385200E+2	9.997060E-3	9.715560E-5	-1.000350E-2	1.168250E-6	1.386100E+2	9.894900E+1	1.190999E+3
1.387000E+2	9.997160E-3	9.589200E-5	-1.000360E-2	-7.915500E-6	1.387950E+2	9.910900E+1	1.194999E+3
1.388790E+2	9.996890E-3	1.101730E-4	-1.000350E-2	1.165870E-5	1.389800E+2	9.926000E+1	1.198999E+3
1.390620E+2	9.996330E-3	1.244540E-4	-1.000340E-2	1.609330E-5	1.391550E+2	9.941700E+1	1.203000E+3
1.392450E+2	9.996260E-3	1.263140E-4	-1.000340E-2	1.635550E-5	1.393390E+2	9.957100E+1	1.206999E+3
1.394220E+2	9.996240E-3	1.310590E-4	-1.000350E-2	1.595020E-5	1.395200E+2	9.972500E+1	1.210998E+3
1.396040E+2	9.996240E-3	1.305340E-4	-1.000340E-2	1.277920E-5	1.396990E+2	9.988400E+1	1.214999E+3
1.397850E+2	9.996250E-3	1.286270E-4	-1.000340E-2	1.437660E-5	1.398820E+2	1.000400E+2	1.218999E+3
1.399680E+2	9.996320E-3	1.293660E-4	-1.000340E-2	1.220700E-5	1.400570E+2	1.001970E+2	1.222999E+3
1.401440E+2	9.996350E-3	1.276970E-4	-1.000330E-2	1.451970E-5	1.402340E+2	1.003550E+2	1.227000E+3
1.403180E+2	9.996310E-3	1.304630E-4	-1.000350E-2	1.842980E-5	1.403890E+2	1.005060E+2	1.231000E+3
1.393840E+2	9.996310E-3	1.299860E-4	-1.000330E-2	1.769070E-5	1.386200E+2	1.006630E+2	1.234999E+3
1.381160E+2	9.996610E-3	1.251940E-4	-1.000340E-2	1.747610E-5	1.376360E+2	1.007970E+2	1.238998E+3
1.372140E+2	9.996540E-3	1.242640E-4	-1.000330E-2	1.168250E-5	1.367820E+2	1.008470E+2	1.242999E+3
1.363770E+2	9.996440E-3	1.287460E-4	-1.000320E-2	1.649860E-5	1.359670E+2	1.007850E+2	1.246999E+3
1.355800E+2	9.996620E-3	1.227860E-4	-1.000340E-2	2.014640E-5	1.351850E+2	1.006860E+2	1.250999E+3
1.348180E+2	9.996720E-3	1.223090E-4	-1.000330E-2	1.463890E-5	1.344320E+2	1.005840E+2	1.255000E+3
1.340780E+2	9.997200E-3	1.047850E-4	-1.000350E-2	1.287460E-5	1.337110E+2	1.004770E+2	1.258999E+3
1.333660E+2	9.996870E-3	1.226660E-4	-1.000330E-2	1.258850E-5	1.330080E+2	1.003780E+2	1.263000E+3
1.326690E+2	9.997090E-3	1.091720E-4	-1.000350E-2	9.155270E-6	1.323180E+2	1.002650E+2	1.267000E+3
1.319900E+2	9.996820E-3	1.197810E-4	-1.000330E-2	1.461510E-5	1.316510E+2	1.001640E+2	1.271000E+3
1.313310E+2	9.996950E-3	1.186130E-4	-1.000340E-2	1.683240E-5	1.309950E+2	1.000510E+2	1.274999E+3
1.306790E+2	9.996840E-3	1.253600E-4	-1.000330E-2	2.415180E-5	1.303510E+2	9.995300E+1	1.279000E+3
1.300450E+2	9.996670E-3	1.307960E-4	-1.000340E-2	2.281670E-5	1.297220E+2	9.984900E+1	1.282999E+3
1.294200E+2	9.996560E-3	1.330850E-4	-1.000330E-2	2.872940E-5	1.291110E+2	9.975200E+1	1.286999E+3
1.288110E+2	9.996430E-3	1.370670E-4	-1.000350E-2	2.808570E-5	1.285030E+2	9.964400E+1	1.290999E+3
1.282010E+2	9.996660E-3	1.300330E-4	-1.000340E-2	2.698900E-5	1.278870E+2	9.946000E+1	1.295000E+3
1.275890E+2	9.996580E-3	1.355650E-4	-1.000340E-2	2.837180E-5	1.272740E+2	9.922200E+1	1.298999E+3
1.269770E+2	9.996430E-3	1.396420E-4	-1.000330E-2	3.221040E-5	1.266700E+2	9.897300E+1	1.302999E+3
1.263750E+2	9.996460E-3	1.352070E-4	-1.000350E-2	3.216270E-5	1.260650E+2	9.869500E+1	1.306998E+3
1.257700E+2	9.996740E-3	1.314880E-4	-1.000340E-2	3.149510E-5	1.254580E+2	9.840000E+1	1.310999E+3
1.251690E+2	9.996470E-3	1.396420E-4	-1.000330E-2	3.442760E-5	1.248630E+2	9.816000E+1	1.315000E+3
1.245810E+2	9.996420E-3	1.419070E-4	-1.000320E-2	3.383160E-5	1.242830E+2	9.799600E+1	1.318999E+3
1.240030E+2	9.996440E-3	1.374240E-4	-1.000330E-2	3.325940E-5	1.237150E+2	9.788400E+1	1.322998E+3
1.234440E+2	9.996410E-3	1.395940E-4	-1.000340E-2	3.402230E-5	1.231670E+2	9.783700E+1	1.326999E+3
1.228990E+2	9.996340E-3	1.418350E-4	-1.000340E-2	3.540520E-5	1.226310E+2	9.784300E+1	1.330998E+3
1.223700E+2	9.996270E-3	1.414060E-4	-1.000330E-2	3.707410E-5	1.221020E+2	9.787200E+1	1.334999E+3
1.218490E+2	9.996500E-3	1.413350E-4	-1.000340E-2	3.745560E-5	1.215870E+2	9.791100E+1	1.339000E+3
1.213430E+2	9.996510E-3	1.419540E-4	-1.000350E-2	4.105570E-5	1.210830E+2	9.796600E+1	1.342999E+3
1.208440E+2	9.996410E-3	1.407150E-4	-1.000340E-2	3.857610E-5	1.205960E+2	9.803300E+1	1.346999E+3
1.203600E+2	9.996470E-3	1.411680E-4	-1.000340E-2	4.210470E-5	1.201180E+2	9.811200E+1	1.350998E+3
1.198860E+2	9.996420E-3	1.432180E-4	-1.000340E-2	3.976820E-5	1.196490E+2	9.819000E+1	1.355000E+3
1.194230E+2	9.996340E-3	1.408820E-4	-1.000350E-2	4.124640E-5	1.191890E+2	9.829300E+1	1.359000E+3
1.189730E+2	9.996300E-3	1.412870E-4	-1.000350E-2	4.410740E-5	1.187450E+2	9.842000E+1	1.362999E+3
1.185330E+2	9.996270E-3	1.439570E-4	-1.000350E-2	4.386900E-5	1.183090E+2	9.859100E+1	1.367000E+3
1.181040E+2	9.996410E-3	1.395230E-4	-1.000350E-2	4.704000E-5	1.178860E+2	9.877900E+1	1.370999E+3
1.176880E+2	9.996450E-3	1.430270E-4	-1.000350E-2	4.520420E-5	1.174730E+2	9.897100E+1	1.374999E+3
1.172840E+2	9.996400E-3	1.440760E-4	-1.000330E-2	4.160400E-5	1.170790E+2	9.915600E+1	1.378999E+3
1.168860E+2	9.996290E-3	1.420020E-4	-1.000340E-2	4.618170E-5	1.166890E+2	9.932600E+1	1.382999E+3
1.165060E+2	9.996410E-3	1.417160E-4	-1.000350E-2	4.847050E-5	1.163180E+2	9.947700E+1	1.387000E+3
1.161350E+2	9.996300E-3	1.465800E-4	-1.000340E-2	4.560950E-5	1.159470E+2	9.961600E+1	1.390998E+3
1.157740E+2	9.996240E-3	1.461030E-4	-1.000330E-2	4.625320E-5	1.155930E+2	9.975100E+1	1.394999E+3
1.154290E+2	9.996260E-3	1.437900E-4	-1.000340E-2	5.040170E-5	1.152540E+2	9.988600E+1	1.399000E+3
1.150940E+2	9.996310E-3	1.408340E-4	-1.000350E-2	4.558560E-5	1.149230E+2	1.000170E+2	1.402999E+3
1.147640E+2	9.996380E-3	1.410010E-4	-1.000340E-2	4.909040E-5	1.145980E+2	1.001290E+2	1.407000E+3
1.144470E+2	9.996390E-3	1.458410E-4	-1.000340E-2	5.176070E-5	1.142860E+2	1.002200E+2	1.410999E+3
1.141360E+2	9.996440E-3	1.471760E-4	-1.000340E-2	4.775520E-5	1.139790E+2	1.002990E+2	1.414998E+3
1.138350E+2	9.996360E-3	1.434330E-4	-1.000340E-2	4.780290E-5	1.136860E+2	1.003650E+2	1.418999E+3
1.135420E+2	9.996330E-3	1.415010E-4	-1.000340E-2	4.706380E-5	1.133960E+2	1.004230E+2	1.422998E+3
1.132560E+2	9.996370E-3	1.444820E-4	-1.000350E-2	4.951950E-5	1.131170E+2	1.004590E+2	1.426998E+3
1.129830E+2	9.996280E-3	1.401420E-4	-1.000340E-2	5.049710E-5	1.128450E+2	1.004970E+2	1.430999E+3
1.127160E+2	9.996270E-3	1.438140E-4	-1.000340E-2	5.087850E-5	1.125870E+2	1.005350E+2	1.434998E+3
1.124580E+2	9.996260E-3	1.447920E-4	-1.000340E-2	5.168910E-5	1.123200E+2	1.005460E+2	1.439000E+3
1.121970E+2	9.996370E-3	1.450060E-4	-1.000330E-2	5.447860E-5	1.120610E+2	1.005390E+2	1.442999E+3
1.119280E+2	9.996340E-3	1.451490E-4	-1.000330E-2	5.059240E-5	1.117940E+2	1.005100E+2	1.446999E+3
1.116710E+2	9.996370E-3	1.463410E-4	-1.000340E-2	5.285740E-5	1.115380E+2	1.004920E+2	1.451000E+3
1.114140E+2	9.996380E-3	1.433610E-4	-1.000340E-2	5.190370E-5	1.112840E+2	1.004870E+2	1.454999E+3
1.111620E+2	9.996330E-3	1.430990E-4	-1.000350E-2	5.230900E-5	1.110350E+2	1.004620E+2	1.459000E+3
1.109110E+2	9.996350E-3	1.469850E-4	-1.000350E-2	5.435940E-5	1.107870E+2	1.004140E+2	1.463000E+3
1.106660E+2	9.996400E-3	1.436710E-4	-1.000350E-2	5.524160E-5	1.105470E+2	1.003550E+2	1.466999E+3
1.104300E+2	9.996470E-3	1.430510E-4	-1.000340E-2	5.414490E-5	1.103050E+2	1.002890E+2	1.471000E+3
1.101880E+2	9.996420E-3	1.422880E-4	-1.000350E-2	5.033020E-5	1.100590E+2	1.002170E+2	1.474999E+3
1.099480E+2	9.996510E-3	1.462460E-4	-1.000350E-2	5.278590E-5	1.098160E+2	1.000400E+2	1.478999E+3
1.096930E+2	9.996440E-3	1.435280E-4	-1.000340E-2	5.345340E-5	1.095660E+2	9.966700E+1	1.482999E+3
1.094400E+2	9.996440E-3	1.445530E-4	-1.000350E-2	5.376340E-5	1.093090E+2	9.929000E+1	1.487000E+3
1.091860E+2	9.996490E-3	1.392840E-4	-1.000350E-2	5.381110E-5	1.090560E+2	9.898300E+1	1.491000E+3
1.089280E+2	9.996440E-3	1.413820E-4	-1.000340E-2	5.059240E-5	1.087880E+2	9.860400E+1	1.495000E+3
1.086570E+2	9.996500E-3	1.408580E-4	-1.000320E-2	5.152230E-5	1.085120E+2	9.810800E+1	1.498999E+3
1.083760E+2	9.996470E-3	1.370670E-4	-1.000340E-2	5.378720E-5	1.082290E+2	9.761100E+1	1.503000E+3
1.080880E+2	9.996470E-3	1.408820E-4	-1.000340E-2	5.223750E-5	1.079360E+2	9.718200E+1	1.506998E+3
1.077930E+2	9.996440E-3	1.414540E-4	-1.000340E-2	4.985330E-5	1.076360E+2	9.686600E+1	1.511000E+3
1.074960E+2	9.996410E-3	1.392130E-4	-1.000340E-2	5.300050E-5	1.073390E+2	9.662100E+1	1.514999E+3
1.071910E+2	9.996390E-3	1.372340E-4	-1.000350E-2	5.490780E-5	1.070330E+2	9.644900E+1	1.519047E+3
1.068870E+2	9.996380E-3	1.396890E-4	-1.000350E-2	5.292890E-5	1.067340E+2	9.631300E+1	1.523000E+3
1.065870E+2	9.996220E-3	1.402380E-4	-1.000350E-2	5.342960E-5	1.064310E+2	9.619600E+1	1.526999E+3
1.062850E+2	9.996360E-3	1.417640E-4	-1.000360E-2	5.195140E-5	1.061310E+2	9.610500E+1	1.530999E+3
1.059880E+2	9.996430E-3	1.410250E-4	-1.000360E-2	5.476470E-5	1.058310E+2	9.601400E+1	1.535000E+3
1.056910E+2	9.996360E-3	1.413110E-4	-1.000350E-2	5.354880E-5	1.055390E+2	9.592600E+1	1.538999E+3
1.053970E+2	9.996270E-3	1.417880E-4	-1.000370E-2	5.488400E-5	1.052500E+2	9.583000E+1	1.543000E+3
1.051090E+2	9.996220E-3	1.405480E-4	-1.000370E-2	5.879400E-5	1.049610E+2	9.572200E+1	1.547000E+3
1.048230E+2	9.996240E-3	1.395230E-4	-1.000360E-2	5.259510E-5	1.046790E+2	9.561100E+1	1.551000E+3
1.045440E+2	9.996380E-3	1.412390E-4	-1.000360E-2	5.712510E-5	1.044060E+2	9.547200E+1	1.555000E+3
1.042670E+2	9.996360E-3	1.408580E-4	-1.000350E-2	5.443100E-5	1.041300E+2	9.519200E+1	1.559000E+3
1.039960E+2	9.996330E-3	1.357790E-4	-1.000340E-2	5.483630E-5	1.038540E+2	9.504000E+1	1.562998E+3
1.037230E+2	9.996420E-3	1.401420E-4	-1.000340E-2	5.562310E-5	1.035820E+2	9.489200E+1	1.566999E+3
1.034510E+2	9.996400E-3	1.365180E-4	-1.000340E-2	5.631450E-5	1.033130E+2	9.467300E+1	1.570999E+3
1.031870E+2	9.996410E-3	1.405240E-4	-1.000340E-2	5.538460E-5	1.030480E+2	9.446200E+1	1.575000E+3
1.029180E+2	9.996550E-3	1.357790E-4	-1.000350E-2	5.600450E-5	1.027800E+2	9.423100E+1	1.578999E+3
1.026510E+2	9.996400E-3	1.369000E-4	-1.000350E-2	5.486010E-5	1.025160E+2	9.402400E+1	1.582999E+3
1.023870E+2	9.996410E-3	1.368760E-4	-1.000350E-2	5.428790E-5	1.022470E+2	9.378800E+1	1.586998E+3
1.021230E+2	9.996370E-3	1.385210E-4	-1.000350E-2	5.764960E-5	1.019870E+2	9.362600E+1	1.590998E+3
1.018580E+2	9.996450E-3	1.369240E-4	-1.000350E-2	5.910400E-5	1.017230E+2	9.335000E+1	1.595000E+3
1.015920E+2	9.996440E-3	1.365660E-4	-1.000350E-2	5.755420E-5	1.014580E+2	9.309100E+1	1.598999E+3
1.013340E+2	9.996440E-3	1.363750E-4	-1.000350E-2	5.555150E-5	1.011980E+2	9.294500E+1	1.602999E+3
1.010720E+2	9.996470E-3	1.355410E-4	-1.000350E-2	5.476470E-5	1.009370E+2	9.266400E+1	1.606998E+3
1.008060E+2	9.996420E-3	1.346350E-4	-1.000340E-2	5.581380E-5	1.006650E+2	9.232800E+1	1.610999E+3
1.005300E+2	9.996460E-3	1.332280E-4	-1.000330E-2	6.022450E-5	1.003870E+2	9.185400E+1	1.614998E+3
1.002570E+2	9.996420E-3	1.358750E-4	-1.000340E-2	6.017690E-5	1.001100E+2	9.132700E+1	1.618999E+3
9.997100E+1	9.996390E-3	1.367810E-4	-1.000340E-2	5.681510E-5	9.982300E+1	9.080200E+1	1.622999E+3
9.968300E+1	9.996390E-3	1.360890E-4	-1.000350E-2	6.127360E-5	9.953200E+1	9.025900E+1	1.626999E+3
9.938900E+1	9.996490E-3	1.326080E-4	-1.000350E-2	5.755420E-5	9.923700E+1	8.975000E+1	1.630998E+3
9.908800E+1	9.996340E-3	1.328230E-4	-1.000350E-2	5.786420E-5	9.893300E+1	8.923000E+1	1.635000E+3
9.878000E+1	9.996390E-3	1.317500E-4	-1.000350E-2	5.671980E-5	9.861900E+1	8.869200E+1	1.638999E+3
9.846700E+1	9.996340E-3	1.318220E-4	-1.000350E-2	5.886550E-5	9.830000E+1	8.814700E+1	1.643000E+3
9.814100E+1	9.996450E-3	1.319170E-4	-1.000340E-2	5.848410E-5	9.797100E+1	8.764500E+1	1.647000E+3
9.780800E+1	9.996430E-3	1.332040E-4	-1.000350E-2	6.237030E-5	9.763600E+1	8.710000E+1	1.650999E+3
9.746900E+1	9.996380E-3	1.303430E-4	-1.000360E-2	5.810260E-5	9.729400E+1	8.656200E+1	1.654999E+3
9.712500E+1	9.996440E-3	1.327990E-4	-1.000350E-2	6.027220E-5	9.694500E+1	8.601900E+1	1.658999E+3
9.677000E+1	9.996390E-3	1.297000E-4	-1.000360E-2	6.141660E-5	9.658600E+1	8.550200E+1	1.662999E+3
9.640500E+1	9.996360E-3	1.315120E-4	-1.000360E-2	5.767350E-5	9.621400E+1	8.500000E+1	1.667000E+3
9.603100E+1	9.996390E-3	1.324650E-4	-1.000350E-2	5.776880E-5	9.583700E+1	8.451300E+1	1.670999E+3
9.564700E+1	9.996340E-3	1.284600E-4	-1.000360E-2	5.869870E-5	9.544600E+1	8.401000E+1	1.674998E+3
9.525100E+1	9.996320E-3	1.278160E-4	-1.000360E-2	6.144050E-5	9.504700E+1	8.347900E+1	1.678999E+3
9.484300E+1	9.996310E-3	1.263620E-4	-1.000360E-2	5.826950E-5	9.462400E+1	8.269000E+1	1.683000E+3
9.440500E+1	9.996350E-3	1.251220E-4	-1.000370E-2	6.098750E-5	9.414800E+1	8.168700E+1	1.686998E+3
9.386500E+1	9.996350E-3	1.172540E-4	-1.000360E-2	6.077290E-5	9.356600E+1	8.101500E+1	1.691000E+3
9.327500E+1	9.996510E-3	9.994510E-5	-1.000370E-2	8.978840E-5	9.293200E+1	8.060400E+1	1.694998E+3
9.256000E+1	9.996420E-3	7.162090E-5	-1.000360E-2	1.047850E-4	9.213200E+1	8.032300E+1	1.698999E+3
9.167000E+1	9.996360E-3	6.837850E-5	-1.000360E-2	1.036640E-4	9.114400E+1	8.011100E+1	1.702998E+3
9.064400E+1	9.996320E-3	8.711810E-5	-1.000360E-2	1.208540E-4	9.012000E+1	7.995700E+1	1.707000E+3
8.961600E+1	9.996310E-3	8.552070E-5	-1.000350E-2	1.243110E-4	8.909400E+1	7.983600E+1	1.710999E+3
8.858200E+1	9.996310E-3	8.926390E-5	-1.000350E-2	1.230720E-4	8.752500E+1	7.974800E+1	1.715000E+3
8.619100E+1	9.996500E-3	9.877680E-5	-1.000360E-2	1.208780E-4	8.571600E+1	7.977200E+1	1.718999E+3
8.540900E+1	9.996330E-3	8.401870E-5	-1.000350E-2	1.219030E-4	8.540000E+1	7.975000E+1	1.723000E+3
8.512500E+1	9.996310E-3	8.144380E-5	-1.000350E-2	1.158000E-4	8.469800E+1	7.972900E+1	1.727000E+3
8.431100E+1	9.996470E-3	8.285050E-5	-1.000350E-2	1.205920E-4	8.401200E+1	7.981200E+1	1.731000E+3
8.377200E+1	9.996390E-3	8.459090E-5	-1.000350E-2	1.174690E-4	8.413300E+1	7.992200E+1	1.734998E+3
8.397400E+1	9.996350E-3	8.254050E-5	-1.000340E-2	1.182080E-4	8.381100E+1	7.997500E+1	1.738999E+3
8.365500E+1	9.996520E-3	9.477140E-5	-1.000350E-2	1.203060E-4	8.356100E+1	8.004200E+1	1.742998E+3
8.356900E+1	9.996400E-3	9.193420E-5	-1.000360E-2	1.181600E-4	8.391000E+1	8.012600E+1	1.747000E+3
8.356700E+1	9.996350E-3	7.994180E-5	-1.000370E-2	1.155140E-4	8.336900E+1	8.016200E+1	1.751000E+3
8.381600E+1	9.996420E-3	8.463860E-5	-1.000360E-2	1.177310E-4	8.381000E+1	8.019100E+1	1.754999E+3
8.348300E+1	9.996390E-3	8.552070E-5	-1.000370E-2	1.169680E-4	8.343900E+1	8.020100E+1	1.759000E+3
8.363100E+1	9.996410E-3	8.370880E-5	-1.000360E-2	1.183510E-4	8.379600E+1	8.020400E+1	1.763000E+3
8.373300E+1	9.996300E-3	8.299350E-5	-1.000360E-2	1.174690E-4	8.363200E+1	8.022300E+1	1.767000E+3
8.351700E+1	9.996360E-3	8.144380E-5	-1.000360E-2	1.186610E-4	8.351300E+1	8.025400E+1	1.770999E+3
8.374000E+1	9.996430E-3	8.318420E-5	-1.000350E-2	1.204490E-4	8.384800E+1	8.024500E+1	1.775000E+3
8.366800E+1	9.996440E-3	8.513930E-5	-1.000350E-2	1.174210E-4	8.358000E+1	8.018900E+1	1.779000E+3
8.342700E+1	9.996410E-3	8.165840E-5	-1.000370E-2	1.182080E-4	8.341300E+1	8.010600E+1	1.782999E+3
8.380200E+1	9.996420E-3	8.573530E-5	-1.000360E-2	1.222370E-4	8.367400E+1	8.002600E+1	1.787000E+3
8.342800E+1	9.996390E-3	8.420940E-5	-1.000350E-2	1.191380E-4	8.319000E+1	7.995900E+1	1.791000E+3
8.352700E+1	9.996390E-3	8.485320E-5	-1.000360E-2	1.159910E-4	8.352500E+1	7.989300E+1	1.794998E+3
8.340600E+1	9.996360E-3	8.127690E-5	-1.000350E-2	1.158950E-4	8.325400E+1	7.985000E+1	1.798999E+3
8.309100E+1	9.996390E-3	8.230210E-5	-1.000340E-2	1.199010E-4	8.309900E+1	7.983600E+1	1.803000E+3
8.342100E+1	9.996380E-3	8.251670E-5	-1.000350E-2	1.199250E-4	8.333300E+1	7.990500E+1	1.806999E+3
8.315000E+1	9.996330E-3	8.168220E-5	-1.000360E-2	1.148220E-4	8.304900E+1	8.003100E+1	1.810999E+3
8.352700E+1	9.996390E-3	8.432870E-5	-1.000360E-2	1.182080E-4	8.343800E+1	8.009200E+1	1.814999E+3
8.331200E+1	9.996380E-3	8.320810E-5	-1.000350E-2	1.152520E-4	8.316400E+1	8.014000E+1	1.819000E+3
8.321000E+1	9.996350E-3	8.246900E-5	-1.000340E-2	1.212120E-4	8.336300E+1	8.017900E+1	1.822999E+3
8.349600E+1	9.996540E-3	9.119510E-5	-1.000350E-2	1.185890E-4	8.339900E+1	8.018900E+1	1.826999E+3
8.318500E+1	9.996440E-3	8.287430E-5	-1.000350E-2	1.185890E-4	8.321100E+1	8.021600E+1	1.830999E+3
8.361300E+1	9.996360E-3	8.482930E-5	-1.000350E-2	1.181130E-4	8.360300E+1	8.022700E+1	1.834998E+3
8.338400E+1	9.996310E-3	8.420940E-5	-1.000360E-2	1.192330E-4	8.314600E+1	8.023600E+1	1.838998E+3
8.361100E+1	9.996470E-3	8.232590E-5	-1.000360E-2	1.165870E-4	8.372800E+1	8.023500E+1	1.842999E+3
8.364300E+1	9.996420E-3	8.578300E-5	-1.000350E-2	1.164670E-4	8.356000E+1	8.022700E+1	1.846999E+3
8.325600E+1	9.996570E-3	8.082390E-5	-1.000350E-2	1.180410E-4	8.352500E+1	8.021200E+1	1.850999E+3
8.375100E+1	9.996510E-3	8.544920E-5	-1.000360E-2	1.182080E-4	8.381300E+1	8.019400E+1	1.854998E+3
8.357600E+1	9.996390E-3	8.180140E-5	-1.000340E-2	1.245740E-4	8.343300E+1	8.017300E+1	1.858998E+3
8.319700E+1	9.996410E-3	8.320810E-5	-1.000350E-2	1.173020E-4	8.371100E+1	8.015700E+1	1.862998E+3
8.348300E+1	9.996360E-3	8.130070E-5	-1.000350E-2	1.159910E-4	8.333100E+1	8.014800E+1	1.866999E+3
8.329800E+1	9.996400E-3	7.927420E-5	-1.000350E-2	1.170160E-4	8.352700E+1	8.014500E+1	1.870998E+3
8.352300E+1	9.996440E-3	8.566380E-5	-1.000360E-2	1.208540E-4	8.315600E+1	8.015300E+1	1.875000E+3
8.345900E+1	9.996480E-3	8.237360E-5	-1.000350E-2	1.175640E-4	8.361400E+1	8.014700E+1	1.879000E+3
8.355500E+1	9.996440E-3	8.287430E-5	-1.000340E-2	1.180170E-4	8.348400E+1	8.013200E+1	1.883000E+3
8.333600E+1	9.996460E-3	8.280280E-5	-1.000340E-2	1.196380E-4	8.329800E+1	8.011500E+1	1.886998E+3
8.338300E+1	9.996450E-3	8.392330E-5	-1.000340E-2	1.136780E-4	8.352300E+1	8.008600E+1	1.891000E+3
8.349400E+1	9.996360E-3	7.908340E-5	-1.000360E-2	1.150130E-4	8.335600E+1	8.005200E+1	1.895000E+3
8.321200E+1	9.996440E-3	7.882120E-5	-1.000370E-2	1.150130E-4	8.324200E+1	7.999700E+1	1.899000E+3
8.348200E+1	9.996370E-3	7.994180E-5	-1.000380E-2	1.186610E-4	8.351300E+1	7.993800E+1	1.902999E+3
8.329700E+1	9.996330E-3	8.039470E-5	-1.000370E-2	1.148460E-4	8.312600E+1	7.987100E+1	1.906999E+3
8.298700E+1	9.996320E-3	8.080010E-5	-1.000370E-2	1.167540E-4	8.337000E+1	7.980700E+1	1.910998E+3
8.325700E+1	9.996460E-3	7.913110E-5	-1.000370E-2	1.179460E-4	8.314800E+1	7.979400E+1	1.914999E+3
8.299700E+1	9.996390E-3	8.149150E-5	-1.000360E-2	1.180410E-4	8.315100E+1	7.982900E+1	1.918998E+3
8.338600E+1	9.996330E-3	7.922650E-5	-1.000370E-2	1.150370E-4	8.338600E+1	7.985400E+1	1.922999E+3
8.326900E+1	9.996290E-3	8.075240E-5	-1.000370E-2	1.135590E-4	8.319100E+1	7.992300E+1	1.927000E+3
8.293400E+1	9.996250E-3	7.896420E-5	-1.000370E-2	1.138450E-4	8.335800E+1	8.002700E+1	1.930999E+3
8.349200E+1	9.996340E-3	9.062290E-5	-1.000370E-2	1.172540E-4	8.342600E+1	8.014300E+1	1.934998E+3
8.330600E+1	9.996330E-3	8.363720E-5	-1.000370E-2	1.142260E-4	8.298800E+1	8.019500E+1	1.938999E+3
8.351700E+1	9.996460E-3	8.997920E-5	-1.000360E-2	1.161340E-4	8.357900E+1	8.025200E+1	1.942998E+3
8.353500E+1	9.996370E-3	9.007450E-5	-1.000350E-2	1.161580E-4	8.323600E+1	8.025100E+1	1.947000E+3
8.328400E+1	9.996360E-3	9.236340E-5	-1.000360E-2	1.191140E-4	8.350100E+1	8.028000E+1	1.950999E+3
8.374300E+1	9.996410E-3	9.558200E-5	-1.000360E-2	1.161580E-4	8.377800E+1	8.026100E+1	1.954999E+3
8.367200E+1	9.996350E-3	8.044240E-5	-1.000360E-2	1.186610E-4	8.354100E+1	8.025100E+1	1.958999E+3
8.348300E+1	9.996380E-3	8.141990E-5	-1.000370E-2	1.174450E-4	8.350800E+1	8.023000E+1	1.963000E+3
8.364100E+1	9.996320E-3	8.320810E-5	-1.000370E-2	1.143690E-4	8.381300E+1	8.020500E+1	1.966998E+3
8.386800E+1	9.996340E-3	7.991790E-5	-1.000360E-2	1.204490E-4	8.374000E+1	8.018100E+1	1.970998E+3
8.338400E+1	9.996280E-3	8.332730E-5	-1.000370E-2	1.149180E-4	8.348000E+1	8.015000E+1	1.974999E+3
8.378100E+1	9.996400E-3	8.099080E-5	-1.000360E-2	1.196380E-4	8.379400E+1	8.011700E+1	1.978999E+3
8.360200E+1	9.996440E-3	8.437630E-5	-1.000360E-2	1.178030E-4	8.318400E+1	8.008000E+1	1.983000E+3
8.340800E+1	9.996390E-3	8.406640E-5	-1.000360E-2	1.188040E-4	8.350000E+1	8.004100E+1	1.986999E+3
8.348600E+1	9.996400E-3	8.120540E-5	-1.000360E-2	1.186130E-4	8.337000E+1	8.000600E+1	1.990998E+3
8.299300E+1	9.996350E-3	7.972720E-5	-1.000350E-2	1.183270E-4	8.320100E+1	7.998300E+1	1.994999E+3
8.345100E+1	9.996380E-3	9.188650E-5	-1.000360E-2	1.176830E-4	8.329600E+1	7.996300E+1	1.998999E+3
8.310700E+1	9.996510E-3	9.396080E-5	-1.000360E-2	1.212120E-4	8.310900E+1	7.995600E+1	2.003000E+3
8.345300E+1	9.996440E-3	9.319780E-5	-1.000360E-2	1.180170E-4	8.341100E+1	7.996400E+1	2.006998E+3
8.327000E+1	9.996430E-3	9.577270E-5	-1.000360E-2	1.162050E-4	8.315200E+1	7.996600E+1	2.010999E+3
8.309100E+1	9.996350E-3	8.177760E-5	-1.000350E-2	1.159670E-4	8.323700E+1	7.998700E+1	2.014999E+3
8.342200E+1	9.996360E-3	8.285050E-5	-1.000350E-2	1.185420E-4	8.344000E+1	7.997600E+1	2.018999E+3
8.327000E+1	9.996380E-3	8.075240E-5	-1.000360E-2	1.192570E-4	8.314100E+1	7.997900E+1	2.023000E+3
8.315000E+1	9.996440E-3	8.032320E-5	-1.000360E-2	1.170870E-4	8.346900E+1	7.998600E+1	2.026999E+3
8.312100E+1	9.996440E-3	8.289810E-5	-1.000360E-2	1.143460E-4	8.300900E+1	7.999900E+1	2.030999E+3
8.347200E+1	9.996400E-3	8.399490E-5	-1.000360E-2	1.181360E-4	8.326700E+1	8.003300E+1	2.035000E+3
8.311900E+1	9.996440E-3	8.208750E-5	-1.000370E-2	1.183750E-4	8.316300E+1	8.007400E+1	2.038998E+3
8.352500E+1	9.996360E-3	7.939340E-5	-1.000360E-2	1.163960E-4	8.353700E+1	8.013100E+1	2.042999E+3
8.341600E+1	9.996360E-3	7.989410E-5	-1.000360E-2	1.130340E-4	8.318200E+1	8.018400E+1	2.046999E+3
8.322500E+1	9.996580E-3	9.098050E-5	-1.000360E-2	1.173260E-4	8.342700E+1	8.020900E+1	2.050999E+3
8.356800E+1	9.996500E-3	9.360310E-5	-1.000350E-2	1.198770E-4	8.326900E+1	8.023900E+1	2.055000E+3
