The operator was: Angelo Bossi
The sample measure was: Cable
The sample was biased using: 10E-3 Amps
Comments:
test run to see how the program works

Tbefore	        I+	        V+	        I-	        V-	        Tafter	        Tbase	        Time
8.330500E+1	9.996400E-3	8.122920E-5	-1.000360E-2	1.182320E-4	8.348400E+1	8.026200E+1	1.300200E+1
8.374100E+1	9.996380E-3	8.351800E-5	-1.000360E-2	1.171350E-4	8.374100E+1	8.024800E+1	1.700100E+1
8.362000E+1	9.996270E-3	8.361340E-5	-1.000360E-2	1.167770E-4	8.354400E+1	8.022200E+1	2.100000E+1
8.350800E+1	9.996260E-3	8.344650E-5	-1.000370E-2	1.179220E-4	8.352900E+1	8.019100E+1	2.500100E+1
8.377800E+1	9.996280E-3	8.358960E-5	-1.000360E-2	1.178030E-4	8.389600E+1	8.015900E+1	2.900100E+1
8.379900E+1	9.996320E-3	8.420940E-5	-1.000360E-2	1.217840E-4	8.367200E+1	8.011500E+1	3.300100E+1
8.350200E+1	9.996330E-3	7.891650E-5	-1.000370E-2	1.167770E-4	8.344700E+1	8.006100E+1	3.700100E+1
8.360500E+1	9.996330E-3	8.111000E-5	-1.000370E-2	1.182080E-4	8.359800E+1	8.001200E+1	4.100100E+1
8.339300E+1	9.996280E-3	8.332730E-5	-1.000360E-2	1.179930E-4	8.305700E+1	8.110000E+1	4.500100E+1
8.344200E+1	9.996340E-3	8.490090E-5	-1.000370E-2	1.183030E-4	8.361300E+1	8.150900E+1	4.900000E+1
8.351000E+1	9.996340E-3	8.127690E-5	-1.000370E-2	1.157520E-4	8.347200E+1	8.175600E+1	5.300100E+1
8.341600E+1	9.996420E-3	7.944110E-5	-1.000360E-2	1.152750E-4	8.348700E+1	8.198800E+1	5.700000E+1
8.351400E+1	9.996470E-3	9.191040E-5	-1.000350E-2	1.165630E-4	8.397200E+1	8.247600E+1	6.100100E+1
8.409600E+1	9.996270E-3	8.146760E-5	-1.000360E-2	1.193050E-4	8.403900E+1	8.305500E+1	6.500200E+1
8.388100E+1	9.996340E-3	8.683200E-5	-1.000360E-2	1.200200E-4	8.368300E+1	8.349200E+1	6.900200E+1
8.405800E+1	9.996270E-3	8.544920E-5	-1.000370E-2	1.200200E-4	8.428800E+1	8.377300E+1	7.300200E+1
8.414100E+1	9.996220E-3	8.323190E-5	-1.000370E-2	1.200910E-4	8.394200E+1	8.396000E+1	7.700100E+1
8.392900E+1	9.996270E-3	8.714200E-5	-1.000370E-2	1.193050E-4	8.387000E+1	8.406900E+1	8.100200E+1
8.420600E+1	9.996360E-3	8.475780E-5	-1.000370E-2	1.223330E-4	8.432300E+1	8.416900E+1	8.500100E+1
8.441400E+1	9.996380E-3	8.673670E-5	-1.000370E-2	1.230720E-4	8.443300E+1	8.349500E+1	8.900200E+1
8.430600E+1	9.996440E-3	9.725090E-5	-1.000360E-2	1.225470E-4	8.405700E+1	8.243700E+1	9.300100E+1
8.391600E+1	9.996330E-3	8.134840E-5	-1.000370E-2	1.189950E-4	8.438000E+1	8.163400E+1	9.700200E+1
8.433300E+1	9.996330E-3	8.294580E-5	-1.000370E-2	1.168250E-4	8.396800E+1	8.107300E+1	1.010000E+2
8.401100E+1	9.996240E-3	8.709430E-5	-1.000370E-2	1.203300E-4	8.406500E+1	8.079600E+1	1.050020E+2
8.406000E+1	9.996240E-3	8.249280E-5	-1.000380E-2	1.183750E-4	8.393200E+1	8.061100E+1	1.090010E+2
8.364200E+1	9.996430E-3	8.091930E-5	-1.000370E-2	1.174930E-4	8.356400E+1	8.052900E+1	1.130000E+2
8.353700E+1	9.996270E-3	8.165840E-5	-1.000370E-2	1.147510E-4	8.376000E+1	8.050800E+1	1.170020E+2
8.390200E+1	9.996220E-3	8.227830E-5	-1.000370E-2	1.200910E-4	8.379500E+1	8.053800E+1	1.210010E+2
8.365600E+1	9.996360E-3	8.435250E-5	-1.000380E-2	1.179930E-4	8.344300E+1	8.062700E+1	1.250010E+2
8.360400E+1	9.996480E-3	9.164810E-5	-1.000370E-2	1.164910E-4	8.376900E+1	8.069200E+1	1.290020E+2
8.389800E+1	9.996300E-3	7.936950E-5	-1.000380E-2	1.149420E-4	8.393900E+1	8.074500E+1	1.330010E+2
8.390000E+1	9.996320E-3	8.084770E-5	-1.000380E-2	1.163480E-4	8.386500E+1	8.077600E+1	1.370710E+2
8.372600E+1	9.996380E-3	8.165840E-5	-1.000370E-2	1.197810E-4	8.353600E+1	8.202400E+1	1.410020E+2
8.378600E+1	9.996380E-3	8.327960E-5	-1.000380E-2	1.225230E-4	8.393400E+1	8.233900E+1	1.450020E+2
8.405800E+1	9.996350E-3	8.430480E-5	-1.000370E-2	1.206400E-4	8.399600E+1	8.266700E+1	1.490010E+2
8.392400E+1	9.996280E-3	8.091930E-5	-1.000370E-2	1.194720E-4	8.362900E+1	8.307600E+1	1.530010E+2
8.406900E+1	9.996240E-3	8.416180E-5	-1.000380E-2	1.226430E-4	8.420700E+1	8.342300E+1	1.570010E+2
8.427300E+1	9.996370E-3	8.544920E-5	-1.000370E-2	1.190190E-4	8.408800E+1	8.377200E+1	1.610000E+2
8.394800E+1	9.996430E-3	8.571150E-5	-1.000370E-2	1.206400E-4	8.384800E+1	8.409100E+1	1.650010E+2
8.397000E+1	9.996390E-3	8.454320E-5	-1.000380E-2	1.245500E-4	8.405600E+1	8.438400E+1	1.690000E+2
8.425900E+1	9.996380E-3	8.955000E-5	-1.000370E-2	1.229520E-4	8.421800E+1	8.467500E+1	1.730010E+2
8.411100E+1	9.996630E-3	9.822850E-5	-1.000360E-2	1.216410E-4	8.405900E+1	8.493500E+1	1.770020E+2
8.401600E+1	9.996450E-3	8.628370E-5	-1.000370E-2	1.256940E-4	8.411300E+1	8.536000E+1	1.810020E+2
8.424400E+1	9.996380E-3	8.685590E-5	-1.000370E-2	1.187800E-4	8.448500E+1	8.585100E+1	1.850010E+2
8.442900E+1	9.996340E-3	8.602140E-5	-1.000360E-2	1.211640E-4	8.439800E+1	8.643300E+1	1.890010E+2
8.402800E+1	9.996390E-3	8.797650E-5	-1.000380E-2	1.250740E-4	8.420400E+1	8.708900E+1	1.930020E+2
8.438900E+1	9.996330E-3	8.609300E-5	-1.000370E-2	1.242160E-4	8.450400E+1	8.781200E+1	1.970010E+2
8.475100E+1	9.996390E-3	9.026530E-5	-1.000360E-2	1.232150E-4	8.449200E+1	8.864600E+1	2.010010E+2
8.428600E+1	9.996330E-3	9.157660E-5	-1.000360E-2	1.250980E-4	8.448600E+1	8.957200E+1	2.050010E+2
8.409600E+1	9.996370E-3	9.024140E-5	-1.000350E-2	1.271250E-4	8.364300E+1	9.051200E+1	2.090020E+2
8.340200E+1	9.996420E-3	9.164810E-5	-1.000360E-2	1.285790E-4	8.319000E+1	9.141900E+1	2.130000E+2
8.302600E+1	9.996370E-3	9.195800E-5	-1.000360E-2	1.298670E-4	8.289000E+1	9.224100E+1	2.170010E+2
8.276700E+1	9.996260E-3	9.152890E-5	-1.000380E-2	1.314640E-4	8.264200E+1	9.300500E+1	2.210020E+2
8.254200E+1	9.996400E-3	1.046420E-4	-1.000380E-2	1.291750E-4	8.244500E+1	9.360100E+1	2.250000E+2
8.236300E+1	9.996260E-3	9.396080E-5	-1.000380E-2	1.315360E-4	8.228200E+1	9.399100E+1	2.290010E+2
8.221000E+1	9.996200E-3	9.355540E-5	-1.000390E-2	1.304630E-4	8.213000E+1	9.439600E+1	2.330020E+2
8.206800E+1	9.996200E-3	9.312630E-5	-1.000390E-2	1.299380E-4	8.199700E+1	9.486400E+1	2.370000E+2
8.194500E+1	9.996270E-3	9.338860E-5	-1.000380E-2	1.288890E-4	8.188700E+1	9.535100E+1	2.410010E+2
8.183900E+1	9.996410E-3	9.481910E-5	-1.000380E-2	1.268150E-4	8.179500E+1	9.578300E+1	2.450010E+2
8.176100E+1	9.996390E-3	9.298320E-5	-1.000370E-2	1.308920E-4	8.172200E+1	9.622300E+1	2.490020E+2
8.168900E+1	9.996250E-3	9.624960E-5	-1.000380E-2	1.306300E-4	8.165400E+1	9.666500E+1	2.530020E+2
8.163700E+1	9.996290E-3	9.448530E-5	-1.000370E-2	1.318930E-4	8.161900E+1	9.687700E+1	2.570010E+2
8.159900E+1	9.996380E-3	9.255410E-5	-1.000370E-2	1.332280E-4	8.158600E+1	9.695600E+1	2.610020E+2
8.157400E+1	9.996420E-3	9.770390E-5	-1.000370E-2	1.326560E-4	8.156700E+1	9.700500E+1	2.650010E+2
8.156100E+1	9.996360E-3	9.708400E-5	-1.000370E-2	1.308680E-4	8.155300E+1	9.695400E+1	2.690020E+2
8.155000E+1	9.996380E-3	9.133820E-5	-1.000370E-2	1.342300E-4	8.155000E+1	9.686000E+1	2.730000E+2
8.153900E+1	9.996260E-3	9.477140E-5	-1.000370E-2	1.298430E-4	8.153900E+1	9.670800E+1	2.770010E+2
8.153100E+1	9.996350E-3	9.684560E-5	-1.000360E-2	1.295570E-4	8.153100E+1	9.649300E+1	2.810010E+2
8.152200E+1	9.996480E-3	9.510520E-5	-1.000370E-2	1.271960E-4	8.151100E+1	9.632000E+1	2.850000E+2
8.149500E+1	9.996380E-3	9.024140E-5	-1.000380E-2	1.299380E-4	8.148600E+1	9.610000E+1	2.890020E+2
8.147200E+1	9.996430E-3	9.377000E-5	-1.000370E-2	1.259800E-4	8.146200E+1	9.593300E+1	2.930020E+2
8.145600E+1	9.996370E-3	9.441380E-5	-1.000370E-2	1.279590E-4	8.144700E+1	9.606600E+1	2.970000E+2
8.143700E+1	9.996280E-3	8.912090E-5	-1.000370E-2	1.259090E-4	8.143200E+1	9.641200E+1	3.010000E+2
8.142500E+1	9.996350E-3	9.136200E-5	-1.000370E-2	1.275540E-4	8.141900E+1	9.681300E+1	3.050020E+2
8.141800E+1	9.996340E-3	9.262560E-5	-1.000360E-2	1.302240E-4	8.141900E+1	9.724400E+1	3.090010E+2
8.141800E+1	9.996300E-3	9.276870E-5	-1.000370E-2	1.287700E-4	8.142100E+1	9.769400E+1	3.130020E+2
8.142600E+1	9.996370E-3	9.469990E-5	-1.000370E-2	1.283880E-4	8.143700E+1	9.816800E+1	3.170010E+2
8.144700E+1	9.996350E-3	9.527210E-5	-1.000370E-2	1.263860E-4	8.146500E+1	9.865900E+1	3.210010E+2
8.147900E+1	9.996300E-3	9.298320E-5	-1.000380E-2	1.272920E-4	8.149600E+1	9.915700E+1	3.250000E+2
8.152400E+1	9.996460E-3	8.964540E-5	-1.000370E-2	1.304860E-4	8.154900E+1	9.959200E+1	3.290000E+2
8.157600E+1	9.996350E-3	9.367470E-5	-1.000380E-2	1.297240E-4	8.160400E+1	9.991000E+1	3.330020E+2
8.163700E+1	9.996200E-3	9.698870E-5	-1.000380E-2	1.278640E-4	8.166700E+1	1.001270E+2	3.370010E+2
8.170000E+1	9.996250E-3	9.315010E-5	-1.000380E-2	1.307250E-4	8.174000E+1	1.002610E+2	3.410010E+2
8.177300E+1	9.996190E-3	9.541510E-5	-1.000370E-2	1.316790E-4	8.181700E+1	1.003260E+2	3.450010E+2
8.185000E+1	9.996230E-3	9.558200E-5	-1.000380E-2	1.345160E-4	8.188900E+1	1.003540E+2	3.490010E+2
8.192700E+1	9.996310E-3	9.398460E-5	-1.000370E-2	1.330610E-4	8.196400E+1	1.003570E+2	3.530020E+2
8.200300E+1	9.996330E-3	9.312630E-5	-1.000380E-2	1.338240E-4	8.203900E+1	1.003380E+2	3.570020E+2
8.207600E+1	9.996280E-3	9.455680E-5	-1.000380E-2	1.319890E-4	8.211100E+1	1.003110E+2	3.610010E+2
8.214700E+1	9.996290E-3	9.634490E-5	-1.000380E-2	1.287940E-4	8.218600E+1	1.002820E+2	3.650000E+2
8.221700E+1	9.996300E-3	9.613040E-5	-1.000380E-2	1.307960E-4	8.225600E+1	1.003070E+2	3.690000E+2
8.229100E+1	9.996290E-3	9.830000E-5	-1.000380E-2	1.343250E-4	8.232500E+1	1.003580E+2	3.730000E+2
8.235900E+1	9.996280E-3	9.837150E-5	-1.000370E-2	1.345870E-4	8.239500E+1	1.004210E+2	3.770000E+2
8.242200E+1	9.996450E-3	9.639260E-5	-1.000370E-2	1.319170E-4	8.245600E+1	1.005050E+2	3.810020E+2
8.248500E+1	9.996310E-3	9.534360E-5	-1.000370E-2	1.328710E-4	8.251500E+1	1.005870E+2	3.850020E+2
8.254600E+1	9.996390E-3	9.956360E-5	-1.000370E-2	1.330850E-4	8.257200E+1	1.006750E+2	3.890010E+2
8.260100E+1	9.996350E-3	9.951590E-5	-1.000380E-2	1.369950E-4	8.262800E+1	1.007720E+2	3.930020E+2
8.265500E+1	9.996310E-3	9.777550E-5	-1.000380E-2	1.302720E-4	8.268000E+1	1.008730E+2	3.970020E+2
8.270700E+1	9.996390E-3	9.598730E-5	-1.000380E-2	1.311780E-4	8.273900E+1	1.009750E+2	4.010010E+2
8.276300E+1	9.996290E-3	9.779930E-5	-1.000390E-2	1.334670E-4	8.278900E+1	1.010770E+2	4.050000E+2
8.281300E+1	9.996290E-3	9.808540E-5	-1.000370E-2	1.315360E-4	8.283600E+1	1.011800E+2	4.090010E+2
8.286200E+1	9.996320E-3	9.849070E-5	-1.000370E-2	1.344920E-4	8.288700E+1	1.012820E+2	4.130000E+2
8.291000E+1	9.996430E-3	9.963510E-5	-1.000380E-2	1.365420E-4	8.293500E+1	1.013830E+2	4.170020E+2
8.296100E+1	9.996410E-3	9.500980E-5	-1.000370E-2	1.342060E-4	8.298600E+1	1.014860E+2	4.210010E+2
8.301000E+1	9.996300E-3	9.725090E-5	-1.000380E-2	1.348020E-4	8.303400E+1	1.015900E+2	4.250000E+2
8.305400E+1	9.996410E-3	9.739400E-5	-1.000380E-2	1.332760E-4	8.307600E+1	1.016940E+2	4.290020E+2
8.309900E+1	9.996350E-3	9.610650E-5	-1.000370E-2	1.308680E-4	8.312500E+1	1.017880E+2	4.330020E+2
8.314200E+1	9.996240E-3	9.887220E-5	-1.000370E-2	1.360890E-4	8.316300E+1	1.018880E+2	4.370020E+2
8.318400E+1	9.996310E-3	9.374620E-5	-1.000370E-2	1.306770E-4	8.320800E+1	1.019880E+2	4.410000E+2
8.322900E+1	9.996330E-3	9.760860E-5	-1.000370E-2	1.333240E-4	8.325500E+1	1.020970E+2	4.450000E+2
8.327400E+1	9.996400E-3	9.813310E-5	-1.000370E-2	1.332040E-4	8.329600E+1	1.022030E+2	4.490000E+2
8.331400E+1	9.996330E-3	9.782310E-5	-1.000370E-2	1.327990E-4	8.333300E+1	1.023020E+2	4.530020E+2
8.335400E+1	9.996350E-3	9.765630E-5	-1.000380E-2	1.346830E-4	8.337500E+1	1.024030E+2	4.570020E+2
8.339400E+1	9.996160E-3	9.894370E-5	-1.000380E-2	1.327280E-4	8.341100E+1	1.025110E+2	4.610010E+2
8.343100E+1	9.996300E-3	9.932520E-5	-1.000370E-2	1.333240E-4	8.345400E+1	1.026140E+2	4.650020E+2
8.347300E+1	9.996300E-3	9.992120E-5	-1.000370E-2	1.336340E-4	8.349400E+1	1.027140E+2	4.690020E+2
8.351200E+1	9.996270E-3	1.014710E-4	-1.000370E-2	1.363280E-4	8.353300E+1	1.028220E+2	4.730020E+2
8.355200E+1	9.996270E-3	9.992120E-5	-1.000390E-2	1.384260E-4	8.357100E+1	1.029190E+2	4.770020E+2
8.359300E+1	9.996300E-3	9.922980E-5	-1.000380E-2	1.346590E-4	8.361300E+1	1.030200E+2	4.810480E+2
8.363200E+1	9.996290E-3	9.922980E-5	-1.000370E-2	1.369950E-4	8.364900E+1	1.031170E+2	4.850010E+2
8.366600E+1	9.996350E-3	9.658340E-5	-1.000380E-2	1.364230E-4	8.368500E+1	1.032190E+2	4.890000E+2
8.370300E+1	9.996280E-3	9.996890E-5	-1.000370E-2	1.317260E-4	8.371800E+1	1.033250E+2	4.930010E+2
8.374100E+1	9.996330E-3	9.882450E-5	-1.000370E-2	1.350400E-4	8.376300E+1	1.034260E+2	4.970010E+2
8.377900E+1	9.996310E-3	1.017570E-4	-1.000370E-2	1.386880E-4	8.380200E+1	1.035300E+2	5.010020E+2
8.382200E+1	9.996370E-3	9.975430E-5	-1.000360E-2	1.390460E-4	8.384400E+1	1.036330E+2	5.050010E+2
8.386000E+1	9.996430E-3	1.096730E-4	-1.000370E-2	1.363990E-4	8.388400E+1	1.037360E+2	5.090000E+2
8.390000E+1	9.996340E-3	1.014710E-4	-1.000380E-2	1.350640E-4	8.392400E+1	1.038360E+2	5.130020E+2
8.394100E+1	9.996510E-3	1.018520E-4	-1.000370E-2	1.369480E-4	8.396000E+1	1.039360E+2	5.170020E+2
8.398100E+1	9.996430E-3	1.023770E-4	-1.000370E-2	1.353980E-4	8.400300E+1	1.040350E+2	5.210010E+2
8.402400E+1	9.996460E-3	1.016140E-4	-1.000370E-2	1.385450E-4	8.404400E+1	1.041380E+2	5.250010E+2
8.406900E+1	9.996340E-3	9.927750E-5	-1.000360E-2	1.390220E-4	8.409000E+1	1.042360E+2	5.290020E+2
8.411500E+1	9.996280E-3	1.000400E-4	-1.000370E-2	1.339200E-4	8.413400E+1	1.043300E+2	5.330000E+2
8.415600E+1	9.996410E-3	9.853840E-5	-1.000380E-2	1.351590E-4	8.417600E+1	1.044280E+2	5.370020E+2
8.420200E+1	9.996240E-3	9.789470E-5	-1.000380E-2	1.336810E-4	8.422900E+1	1.045250E+2	5.410010E+2
8.425400E+1	9.996240E-3	1.023770E-4	-1.000380E-2	1.371620E-4	8.427400E+1	1.046270E+2	5.450010E+2
8.430000E+1	9.996360E-3	9.737010E-5	-1.000370E-2	1.405240E-4	8.432600E+1	1.047190E+2	5.490020E+2
8.434400E+1	9.996280E-3	1.031880E-4	-1.000360E-2	1.347780E-4	8.437200E+1	1.048190E+2	5.530000E+2
8.439700E+1	9.996260E-3	1.006840E-4	-1.000360E-2	1.363990E-4	8.443000E+1	1.049180E+2	5.570010E+2
8.445600E+1	9.996250E-3	1.018050E-4	-1.000380E-2	1.366620E-4	8.449100E+1	1.050210E+2	5.610010E+2
8.452400E+1	9.996280E-3	9.822850E-5	-1.000380E-2	1.346110E-4	8.456200E+1	1.051170E+2	5.650000E+2
8.459300E+1	9.996190E-3	1.020670E-4	-1.000380E-2	1.396180E-4	8.463300E+1	1.052170E+2	5.690010E+2
8.467200E+1	9.996400E-3	1.042370E-4	-1.000370E-2	1.378300E-4	8.471200E+1	1.053160E+2	5.730010E+2
8.475200E+1	9.996270E-3	1.013520E-4	-1.000370E-2	1.379010E-4	8.479800E+1	1.054170E+2	5.770020E+2
8.484100E+1	9.996230E-3	1.022340E-4	-1.000370E-2	1.356840E-4	8.489000E+1	1.055160E+2	5.810010E+2
8.494300E+1	9.996330E-3	1.014470E-4	-1.000380E-2	1.408820E-4	8.499800E+1	1.056100E+2	5.850010E+2
8.505500E+1	9.996220E-3	1.030920E-4	-1.000380E-2	1.377110E-4	8.511300E+1	1.057130E+2	5.890010E+2
8.517300E+1	9.996330E-3	1.027350E-4	-1.000380E-2	1.391890E-4	8.524000E+1	1.058050E+2	5.930010E+2
8.530100E+1	9.996260E-3	1.026390E-4	-1.000380E-2	1.397610E-4	8.537100E+1	1.059010E+2	5.970020E+2
8.544000E+1	9.996240E-3	1.043080E-4	-1.000380E-2	1.409050E-4	8.551300E+1	1.059940E+2	6.010020E+2
8.558800E+1	9.996260E-3	1.062390E-4	-1.000360E-2	1.389980E-4	8.566800E+1	1.060940E+2	6.050020E+2
8.575000E+1	9.996400E-3	1.045940E-4	-1.000370E-2	1.426460E-4	8.583500E+1	1.061870E+2	6.090010E+2
8.592800E+1	9.996230E-3	1.030680E-4	-1.000390E-2	1.421930E-4	8.602500E+1	1.062880E+2	6.130010E+2
8.612000E+1	9.996170E-3	1.042840E-4	-1.000370E-2	1.447680E-4	8.623200E+1	1.063750E+2	6.170010E+2
8.633700E+1	9.996210E-3	1.065730E-4	-1.000370E-2	1.374720E-4	8.645700E+1	1.064700E+2	6.210020E+2
8.659100E+1	9.996260E-3	1.066680E-4	-1.000380E-2	1.406430E-4	8.674200E+1	1.064660E+2	6.250010E+2
8.688300E+1	9.996260E-3	1.051900E-4	-1.000380E-2	1.411910E-4	8.704200E+1	1.064220E+2	6.290010E+2
8.719800E+1	9.996310E-3	1.062150E-4	-1.000370E-2	1.376870E-4	8.736200E+1	1.063560E+2	6.330000E+2
8.751900E+1	9.996500E-3	1.128910E-4	-1.000370E-2	1.402850E-4	8.768700E+1	1.062820E+2	6.370020E+2
8.785300E+1	9.996250E-3	1.027820E-4	-1.000370E-2	1.413580E-4	8.803100E+1	1.061630E+2	6.410010E+2
8.819900E+1	9.996240E-3	1.021860E-4	-1.000370E-2	1.385930E-4	8.838000E+1	1.057760E+2	6.450000E+2
8.853700E+1	9.996290E-3	9.598730E-5	-1.000380E-2	1.346590E-4	8.870300E+1	1.052340E+2	6.490010E+2
8.885400E+1	9.996300E-3	9.856220E-5	-1.000370E-2	1.351360E-4	8.901400E+1	1.045960E+2	6.530020E+2
8.915500E+1	9.996260E-3	9.422300E-5	-1.000370E-2	1.307250E-4	8.930300E+1	1.039280E+2	6.570010E+2
8.943900E+1	9.996240E-3	9.253030E-5	-1.000370E-2	1.343010E-4	8.957300E+1	1.032620E+2	6.610010E+2
8.969500E+1	9.996190E-3	9.555820E-5	-1.000380E-2	1.282220E-4	8.981800E+1	1.026500E+2	6.650010E+2
8.993100E+1	9.996280E-3	9.663110E-5	-1.000370E-2	1.303430E-4	9.004400E+1	1.020460E+2	6.690010E+2
9.014600E+1	9.996330E-3	9.016990E-5	-1.000380E-2	1.317500E-4	9.024800E+1	1.013820E+2	6.730010E+2
9.033600E+1	9.996290E-3	9.081360E-5	-1.000370E-2	1.276250E-4	9.042600E+1	1.008180E+2	6.770010E+2
9.050600E+1	9.996230E-3	9.422300E-5	-1.000380E-2	1.271250E-4	9.058800E+1	1.003740E+2	6.810010E+2
9.065800E+1	9.996350E-3	9.188650E-5	-1.000390E-2	1.278880E-4	9.072400E+1	1.000610E+2	6.850010E+2
9.078200E+1	9.996420E-3	9.155270E-5	-1.000380E-2	1.257180E-4	9.084600E+1	9.985000E+1	6.890020E+2
9.090300E+1	9.996330E-3	9.014610E-5	-1.000370E-2	1.260040E-4	9.095600E+1	9.972800E+1	6.930010E+2
9.100100E+1	9.996320E-3	8.769040E-5	-1.000370E-2	1.241680E-4	9.104800E+1	9.964400E+1	6.970010E+2
9.109200E+1	9.996330E-3	8.504390E-5	-1.000380E-2	1.236920E-4	9.113300E+1	9.959500E+1	7.010010E+2
9.117100E+1	9.996230E-3	8.845330E-5	-1.000380E-2	1.237390E-4	9.120800E+1	9.959300E+1	7.050020E+2
9.124300E+1	9.996340E-3	8.807180E-5	-1.000370E-2	1.227140E-4	9.127300E+1	9.959300E+1	7.090010E+2
9.130500E+1	9.996260E-3	8.752350E-5	-1.000380E-2	1.251220E-4	9.133400E+1	9.951400E+1	7.130000E+2
9.135700E+1	9.996290E-3	8.728500E-5	-1.000380E-2	1.221420E-4	9.138200E+1	9.935800E+1	7.170010E+2
9.140500E+1	9.996320E-3	9.083750E-5	-1.000380E-2	1.199480E-4	9.142900E+1	9.919000E+1	7.210020E+2
9.144500E+1	9.996270E-3	8.831020E-5	-1.000370E-2	1.206160E-4	9.146700E+1	9.899400E+1	7.250010E+2
9.148300E+1	9.996300E-3	8.399490E-5	-1.000380E-2	1.225950E-4	9.149500E+1	9.880000E+1	7.290010E+2
9.150800E+1	9.996310E-3	8.683200E-5	-1.000370E-2	1.216410E-4	9.152000E+1	9.861200E+1	7.330020E+2
9.153100E+1	9.996270E-3	8.735660E-5	-1.000370E-2	1.209500E-4	9.153900E+1	9.841000E+1	7.370010E+2
9.154500E+1	9.996280E-3	8.594990E-5	-1.000370E-2	1.212120E-4	9.155300E+1	9.827200E+1	7.410010E+2
9.155700E+1	9.996270E-3	8.668900E-5	-1.000370E-2	1.192090E-4	9.156100E+1	9.805800E+1	7.450020E+2
9.156000E+1	9.996330E-3	8.504390E-5	-1.000370E-2	1.186370E-4	9.156400E+1	9.782800E+1	7.490010E+2
9.156100E+1	9.996300E-3	8.666520E-5	-1.000380E-2	1.178260E-4	9.156100E+1	9.760500E+1	7.530020E+2
9.155700E+1	9.996190E-3	8.492470E-5	-1.000380E-2	1.183990E-4	9.155300E+1	9.739800E+1	7.570010E+2
9.154700E+1	9.996280E-3	8.313660E-5	-1.000380E-2	1.177310E-4	9.153800E+1	9.717300E+1	7.610020E+2
9.152900E+1	9.996350E-3	8.513930E-5	-1.000370E-2	1.186610E-4	9.152100E+1	9.692900E+1	7.650000E+2
9.151000E+1	9.996220E-3	8.571150E-5	-1.000370E-2	1.179700E-4	9.150300E+1	9.668600E+1	7.690010E+2
9.149600E+1	9.996280E-3	8.502010E-5	-1.000380E-2	1.130820E-4	9.149300E+1	9.670400E+1	7.730010E+2
9.149100E+1	9.996310E-3	8.316040E-5	-1.000370E-2	1.148700E-4	9.148900E+1	9.695900E+1	7.770020E+2
9.149000E+1	9.996300E-3	8.471010E-5	-1.000370E-2	1.189470E-4	9.149000E+1	9.732700E+1	7.810010E+2
9.149200E+1	9.996310E-3	8.275510E-5	-1.000380E-2	1.188760E-4	9.149400E+1	9.774400E+1	7.850000E+2
9.150100E+1	9.996280E-3	8.594990E-5	-1.000370E-2	1.180410E-4	9.150500E+1	9.818500E+1	7.890010E+2
9.151500E+1	9.996140E-3	8.540150E-5	-1.000370E-2	1.220940E-4	9.152600E+1	9.865200E+1	7.930010E+2
9.154100E+1	9.996200E-3	8.931160E-5	-1.000380E-2	1.174690E-4	9.155100E+1	9.913100E+1	7.970020E+2
9.157600E+1	9.996270E-3	8.492470E-5	-1.000360E-2	1.167300E-4	9.159600E+1	9.956500E+1	8.010010E+2
9.161800E+1	9.996380E-3	8.986000E-5	-1.000360E-2	1.198530E-4	9.164600E+1	9.989200E+1	8.050010E+2
9.167600E+1	9.996380E-3	8.602140E-5	-1.000370E-2	1.167060E-4	9.170400E+1	1.001200E+2	8.090020E+2
9.173800E+1	9.996240E-3	8.800030E-5	-1.000380E-2	1.165630E-4	9.177200E+1	1.002610E+2	8.130020E+2
9.180900E+1	9.996320E-3	8.974080E-5	-1.000370E-2	1.170160E-4	9.185000E+1	1.003480E+2	8.170000E+2
9.188900E+1	9.996220E-3	8.664130E-5	-1.000370E-2	1.165390E-4	9.193200E+1	1.003840E+2	8.210000E+2
9.197500E+1	9.996210E-3	8.573530E-5	-1.000380E-2	1.171350E-4	9.202100E+1	1.003920E+2	8.250020E+2
9.206600E+1	9.996260E-3	8.826260E-5	-1.000370E-2	1.165630E-4	9.211400E+1	1.003780E+2	8.290010E+2
9.216300E+1	9.996190E-3	8.873940E-5	-1.000370E-2	1.177550E-4	9.220900E+1	1.003560E+2	8.330020E+2
9.226300E+1	9.996210E-3	9.188650E-5	-1.000370E-2	1.139160E-4	9.231600E+1	1.003880E+2	8.370020E+2
9.236800E+1	9.996250E-3	8.707050E-5	-1.000380E-2	1.183990E-4	9.242200E+1	1.004710E+2	8.410010E+2
9.247600E+1	9.996380E-3	8.673670E-5	-1.000380E-2	1.135110E-4	9.250700E+1	1.005530E+2	8.441160E+2
9.256100E+1	9.996240E-3	9.126660E-5	-1.000380E-2	1.149420E-4	9.261900E+1	1.020710E+2	8.480410E+2
9.267200E+1	9.996270E-3	8.895400E-5	-1.000390E-2	1.146790E-4	9.273000E+1	1.030290E+2	8.520010E+2
9.279000E+1	9.996340E-3	8.952620E-5	-1.000390E-2	1.136060E-4	9.285500E+1	1.038580E+2	8.560010E+2
9.292400E+1	9.996370E-3	9.179120E-5	-1.000380E-2	1.127480E-4	9.299500E+1	1.046160E+2	8.600020E+2
9.306200E+1	9.996290E-3	9.312630E-5	-1.000380E-2	1.139160E-4	9.314100E+1	1.053400E+2	8.640410E+2
9.321100E+1	9.996320E-3	9.500980E-5	-1.000370E-2	1.090760E-4	9.329200E+1	1.060180E+2	8.680020E+2
9.336900E+1	9.996370E-3	1.016620E-4	-1.000370E-2	1.013280E-4	9.345600E+1	1.066880E+2	8.720010E+2
9.353400E+1	9.996360E-3	1.150370E-4	-1.000370E-2	8.761880E-5	9.363000E+1	1.073500E+2	8.760020E+2
9.371400E+1	9.996250E-3	1.259570E-4	-1.000380E-2	8.032320E-5	9.381400E+1	1.080100E+2	8.800410E+2
9.390000E+1	9.996280E-3	1.316550E-4	-1.000370E-2	8.406640E-5	9.400100E+1	1.086380E+2	8.840010E+2
9.409700E+1	9.996430E-3	1.299620E-4	-1.000370E-2	7.719990E-5	9.420100E+1	1.092300E+2	8.880020E+2
9.430100E+1	9.996370E-3	1.330610E-4	-1.000370E-2	7.660390E-5	9.441100E+1	1.096800E+2	8.920000E+2
9.451300E+1	9.996260E-3	1.328230E-4	-1.000370E-2	7.719990E-5	9.462900E+1	1.099960E+2	8.960410E+2
9.473100E+1	9.996320E-3	1.334430E-4	-1.000370E-2	7.369520E-5	9.484800E+1	1.101930E+2	9.000010E+2
9.496800E+1	9.996370E-3	1.373770E-4	-1.000380E-2	7.593630E-5	9.510800E+1	1.102450E+2	9.040010E+2
9.524300E+1	9.996260E-3	1.364470E-4	-1.000380E-2	7.548330E-5	9.538700E+1	1.101540E+2	9.080010E+2
9.552300E+1	9.996270E-3	1.398560E-4	-1.000370E-2	7.445810E-5	9.567300E+1	1.101210E+2	9.120410E+2
9.581000E+1	9.996270E-3	1.398560E-4	-1.000370E-2	7.374290E-5	9.595500E+1	1.100930E+2	9.160010E+2
9.608600E+1	9.996350E-3	1.422410E-4	-1.000370E-2	7.476810E-5	9.623100E+1	1.101030E+2	9.200010E+2
9.636700E+1	9.996360E-3	1.393320E-4	-1.000360E-2	7.698540E-5	9.650900E+1	1.100620E+2	9.240010E+2
9.664500E+1	9.996280E-3	1.408820E-4	-1.000370E-2	7.324220E-5	9.679100E+1	1.098780E+2	9.280410E+2
9.691600E+1	9.996430E-3	1.387830E-4	-1.000370E-2	7.207390E-5	9.704700E+1	1.096460E+2	9.320010E+2
9.717000E+1	9.996390E-3	1.416210E-4	-1.000380E-2	7.271770E-5	9.729200E+1	1.095540E+2	9.360010E+2
9.740500E+1	9.996440E-3	1.412630E-4	-1.000380E-2	7.121560E-5	9.752000E+1	1.095530E+2	9.400010E+2
9.762200E+1	9.996400E-3	1.436000E-4	-1.000370E-2	7.128720E-5	9.773200E+1	1.095580E+2	9.440720E+2
9.782300E+1	9.996410E-3	1.405720E-4	-1.000380E-2	7.150170E-5	9.792100E+1	1.095510E+2	9.480000E+2
9.800900E+1	9.996370E-3	1.398320E-4	-1.000370E-2	7.233620E-5	9.809800E+1	1.094100E+2	9.520010E+2
9.818500E+1	9.996320E-3	1.393320E-4	-1.000380E-2	6.875990E-5	9.827200E+1	1.091680E+2	9.560000E+2
9.834500E+1	9.996300E-3	1.419310E-4	-1.000370E-2	6.692410E-5	9.842400E+1	1.089760E+2	9.600540E+2
9.849600E+1	9.996310E-3	1.369950E-4	-1.000370E-2	6.885530E-5	9.856300E+1	1.086970E+2	9.640000E+2
9.862700E+1	9.996350E-3	1.389030E-4	-1.000380E-2	6.942750E-5	9.869200E+1	1.083580E+2	9.680000E+2
9.875300E+1	9.996190E-3	1.376870E-4	-1.000380E-2	6.937980E-5	9.880900E+1	1.080310E+2	9.720010E+2
9.885800E+1	9.996320E-3	1.405240E-4	-1.000370E-2	6.570820E-5	9.891100E+1	1.076770E+2	9.760400E+2
9.895200E+1	9.996390E-3	1.394990E-4	-1.000380E-2	6.728170E-5	9.899900E+1	1.073550E+2	9.800020E+2
9.903700E+1	9.996430E-3	1.384260E-4	-1.000370E-2	6.716250E-5	9.907300E+1	1.070320E+2	9.840010E+2
9.910800E+1	9.996320E-3	1.414540E-4	-1.000370E-2	6.570820E-5	9.914000E+1	1.066530E+2	9.880010E+2
9.916500E+1	9.996320E-3	1.380920E-4	-1.000370E-2	6.437300E-5	9.919200E+1	1.062770E+2	9.920400E+2
9.921400E+1	9.996250E-3	1.384260E-4	-1.000380E-2	6.530280E-5	9.923100E+1	1.059800E+2	9.960010E+2
9.924700E+1	9.996420E-3	1.389980E-4	-1.000370E-2	6.377700E-5	9.926300E+1	1.056590E+2	1.000000E+3
9.927300E+1	9.996340E-3	1.385450E-4	-1.000380E-2	6.482600E-5	9.928000E+1	1.053550E+2	1.004002E+3
9.928400E+1	9.996320E-3	1.392840E-4	-1.000370E-2	6.439690E-5	9.929100E+1	1.049680E+2	1.008042E+3
9.928900E+1	9.996450E-3	1.337770E-4	-1.000360E-2	6.439690E-5	9.929400E+1	1.045560E+2	1.012001E+3
9.929600E+1	9.996330E-3	1.344440E-4	-1.000380E-2	6.384850E-5	9.929500E+1	1.042910E+2	1.016001E+3
9.929100E+1	9.996330E-3	1.371380E-4	-1.000370E-2	6.482600E-5	9.928800E+1	1.043520E+2	1.020001E+3
9.928600E+1	9.996290E-3	1.364230E-4	-1.000370E-2	6.423000E-5	9.928100E+1	1.045440E+2	1.024041E+3
9.927900E+1	9.996420E-3	1.367090E-4	-1.000380E-2	6.146430E-5	9.927100E+1	1.047710E+2	1.028001E+3
9.926800E+1	9.996460E-3	1.384020E-4	-1.000370E-2	6.496910E-5	9.926600E+1	1.050160E+2	1.032002E+3
9.926300E+1	9.996350E-3	1.361370E-4	-1.000370E-2	6.740090E-5	9.926200E+1	1.052690E+2	1.036002E+3
9.926700E+1	9.996430E-3	1.380440E-4	-1.000370E-2	6.403920E-5	9.926800E+1	1.055280E+2	1.040042E+3
9.927200E+1	9.996380E-3	1.340150E-4	-1.000370E-2	6.155970E-5	9.927800E+1	1.057730E+2	1.044001E+3
9.928300E+1	9.996340E-3	1.359940E-4	-1.000370E-2	6.346700E-5	9.928700E+1	1.060170E+2	1.048002E+3
9.930100E+1	9.996430E-3	1.326560E-4	-1.000380E-2	5.998610E-5	9.931200E+1	1.062260E+2	1.052002E+3
9.932500E+1	9.996510E-3	1.346350E-4	-1.000370E-2	6.248950E-5	9.933500E+1	1.064540E+2	1.056042E+3
9.934800E+1	9.996430E-3	1.372810E-4	-1.000370E-2	6.437300E-5	9.936700E+1	1.066850E+2	1.060001E+3
9.938300E+1	9.996460E-3	1.389740E-4	-1.000370E-2	6.797310E-5	9.940200E+1	1.068930E+2	1.064000E+3
9.942000E+1	9.996360E-3	1.377580E-4	-1.000370E-2	6.320480E-5	9.944200E+1	1.071090E+2	1.068001E+3
9.946100E+1	9.996450E-3	1.403090E-4	-1.000370E-2	5.943780E-5	9.948600E+1	1.073350E+2	1.072041E+3
9.950900E+1	9.996320E-3	1.325610E-4	-1.000380E-2	6.225110E-5	9.953500E+1	1.075680E+2	1.076002E+3
9.956300E+1	9.996410E-3	1.357320E-4	-1.000380E-2	6.582740E-5	9.958900E+1	1.077950E+2	1.080001E+3
9.961300E+1	9.996290E-3	1.342540E-4	-1.000370E-2	6.122590E-5	9.964900E+1	1.080300E+2	1.084002E+3
9.967400E+1	9.996420E-3	1.350160E-4	-1.000380E-2	6.456380E-5	9.970700E+1	1.082590E+2	1.088041E+3
9.973700E+1	9.996400E-3	1.332040E-4	-1.000370E-2	6.263260E-5	9.977100E+1	1.084810E+2	1.092001E+3
9.980300E+1	9.996360E-3	1.364950E-4	-1.000370E-2	5.872250E-5	9.984000E+1	1.087050E+2	1.096002E+3
9.987500E+1	9.996300E-3	1.369710E-4	-1.000370E-2	6.310940E-5	9.991400E+1	1.089300E+2	1.100001E+3
9.995000E+1	9.996240E-3	1.359940E-4	-1.000380E-2	6.306170E-5	9.999000E+1	1.091240E+2	1.104053E+3
1.000300E+2	9.996250E-3	1.349210E-4	-1.000380E-2	6.375310E-5	1.000670E+2	1.093240E+2	1.108000E+3
1.001100E+2	9.996320E-3	1.347780E-4	-1.000370E-2	6.315710E-5	1.001500E+2	1.095210E+2	1.112002E+3
1.001920E+2	9.996390E-3	1.399760E-4	-1.000370E-2	6.139280E-5	1.002370E+2	1.097200E+2	1.116002E+3
1.002760E+2	9.996400E-3	1.378540E-4	-1.000370E-2	6.625650E-5	1.003260E+2	1.099290E+2	1.120042E+3
1.003690E+2	9.996450E-3	1.370670E-4	-1.000370E-2	6.394390E-5	1.004140E+2	1.101210E+2	1.124001E+3
1.004590E+2	9.996440E-3	1.401190E-4	-1.000370E-2	6.458760E-5	1.005080E+2	1.102830E+2	1.128000E+3
1.005550E+2	9.996410E-3	1.386880E-4	-1.000370E-2	6.432530E-5	1.006020E+2	1.103990E+2	1.132001E+3
1.006430E+2	9.996410E-3	1.407150E-4	-1.000370E-2	6.251340E-5	1.006990E+2	1.105730E+2	1.136041E+3
1.007430E+2	9.996320E-3	1.368280E-4	-1.000370E-2	6.361010E-5	1.007940E+2	1.107510E+2	1.140000E+3
1.008410E+2	9.996300E-3	1.394750E-4	-1.000370E-2	6.232260E-5	1.008890E+2	1.109400E+2	1.144000E+3
1.009390E+2	9.996390E-3	1.394030E-4	-1.000360E-2	6.153580E-5	1.009910E+2	1.111270E+2	1.148001E+3
1.010410E+2	9.996450E-3	1.401420E-4	-1.000370E-2	6.556510E-5	1.011000E+2	1.113140E+2	1.152040E+3
1.011460E+2	9.996290E-3	1.388310E-4	-1.000370E-2	6.453990E-5	1.012010E+2	1.114910E+2	1.156001E+3
1.012490E+2	9.996350E-3	1.393320E-4	-1.000370E-2	6.310940E-5	1.013040E+2	1.116600E+2	1.160001E+3
1.013590E+2	9.996380E-3	1.395700E-4	-1.000380E-2	5.965230E-5	1.014140E+2	1.118190E+2	1.164002E+3
1.014680E+2	9.996410E-3	1.385690E-4	-1.000380E-2	6.182190E-5	1.015250E+2	1.119790E+2	1.168041E+3
1.015720E+2	9.996280E-3	1.371620E-4	-1.000380E-2	6.091590E-5	1.016290E+2	1.121430E+2	1.172000E+3
1.016850E+2	9.996300E-3	1.384500E-4	-1.000370E-2	6.265640E-5	1.017400E+2	1.123070E+2	1.176002E+3
1.017960E+2	9.996260E-3	1.386170E-4	-1.000380E-2	6.015300E-5	1.018530E+2	1.124750E+2	1.180000E+3
1.019060E+2	9.996280E-3	1.373050E-4	-1.000370E-2	6.117820E-5	1.019680E+2	1.126350E+2	1.184042E+3
1.020210E+2	9.996250E-3	1.375200E-4	-1.000370E-2	6.036760E-5	1.020790E+2	1.127960E+2	1.188001E+3
1.021350E+2	9.996290E-3	1.395230E-4	-1.000390E-2	5.986690E-5	1.021960E+2	1.129510E+2	1.192002E+3
1.022510E+2	9.996360E-3	1.375680E-4	-1.000380E-2	6.256100E-5	1.023100E+2	1.131070E+2	1.196001E+3
1.023700E+2	9.996370E-3	1.378300E-4	-1.000380E-2	6.337170E-5	1.024320E+2	1.132650E+2	1.200042E+3
1.024860E+2	9.996280E-3	1.406670E-4	-1.000370E-2	6.134510E-5	1.025460E+2	1.134030E+2	1.204002E+3
1.026040E+2	9.996320E-3	1.410960E-4	-1.000370E-2	5.652900E-5	1.026610E+2	1.135370E+2	1.208001E+3
1.027230E+2	9.996400E-3	1.398800E-4	-1.000370E-2	6.392000E-5	1.027810E+2	1.136670E+2	1.212001E+3
1.028440E+2	9.996270E-3	1.405480E-4	-1.000380E-2	6.284710E-5	1.029040E+2	1.137950E+2	1.216042E+3
1.029610E+2	9.996300E-3	1.409770E-4	-1.000370E-2	6.177430E-5	1.030190E+2	1.139230E+2	1.220000E+3
1.030790E+2	9.996300E-3	1.411680E-4	-1.000360E-2	6.074910E-5	1.031410E+2	1.140570E+2	1.224001E+3
1.031960E+2	9.996300E-3	1.375910E-4	-1.000360E-2	6.186960E-5	1.032570E+2	1.141970E+2	1.228001E+3
1.033160E+2	9.996230E-3	1.408100E-4	-1.000370E-2	6.234650E-5	1.033770E+2	1.143460E+2	1.232041E+3
1.034360E+2	9.996360E-3	1.403570E-4	-1.000370E-2	6.186960E-5	1.034990E+2	1.144880E+2	1.236002E+3
1.035570E+2	9.996350E-3	1.387120E-4	-1.000360E-2	6.170270E-5	1.036140E+2	1.146330E+2	1.240001E+3
1.036760E+2	9.996290E-3	1.404520E-4	-1.000370E-2	6.015300E-5	1.037390E+2	1.147790E+2	1.244001E+3
1.037980E+2	9.996370E-3	1.434800E-4	-1.000370E-2	5.936620E-5	1.038640E+2	1.149260E+2	1.248057E+3
1.039170E+2	9.996230E-3	1.402850E-4	-1.000380E-2	5.993840E-5	1.039790E+2	1.150670E+2	1.252001E+3
1.040390E+2	9.996240E-3	1.406670E-4	-1.000370E-2	5.970000E-5	1.041030E+2	1.152070E+2	1.256000E+3
1.041620E+2	9.996300E-3	1.429560E-4	-1.000370E-2	6.008150E-5	1.042220E+2	1.153400E+2	1.260001E+3
1.042890E+2	9.996340E-3	1.417160E-4	-1.000370E-2	6.172660E-5	1.043540E+2	1.154790E+2	1.264042E+3
1.044110E+2	9.996300E-3	1.411440E-4	-1.000380E-2	6.194120E-5	1.044730E+2	1.155600E+2	1.268001E+3
1.045340E+2	9.996330E-3	1.420740E-4	-1.000370E-2	6.001000E-5	1.045940E+2	1.156620E+2	1.272000E+3
1.046580E+2	9.996410E-3	1.415730E-4	-1.000370E-2	6.203650E-5	1.047180E+2	1.157800E+2	1.276002E+3
1.047760E+2	9.996390E-3	1.393320E-4	-1.000360E-2	6.089210E-5	1.048450E+2	1.159040E+2	1.280043E+3
1.049020E+2	9.996330E-3	1.419070E-4	-1.000370E-2	6.062980E-5	1.049580E+2	1.160240E+2	1.284002E+3
1.050200E+2	9.996360E-3	1.445770E-4	-1.000380E-2	5.831720E-5	1.050820E+2	1.161610E+2	1.288001E+3
1.051390E+2	9.996400E-3	1.413110E-4	-1.000390E-2	5.965230E-5	1.052030E+2	1.162970E+2	1.292000E+3
1.052650E+2	9.996280E-3	1.424550E-4	-1.000380E-2	6.053450E-5	1.053260E+2	1.164280E+2	1.296042E+3
1.053880E+2	9.996190E-3	1.422640E-4	-1.000380E-2	5.953310E-5	1.054490E+2	1.165500E+2	1.300001E+3
1.055090E+2	9.996290E-3	1.412870E-4	-1.000380E-2	5.760190E-5	1.055710E+2	1.166740E+2	1.304001E+3
1.056270E+2	9.996340E-3	1.378060E-4	-1.000380E-2	5.922320E-5	1.056860E+2	1.167980E+2	1.308002E+3
1.057500E+2	9.996360E-3	1.434330E-4	-1.000370E-2	5.936620E-5	1.058150E+2	1.169210E+2	1.312041E+3
1.058720E+2	9.996350E-3	1.417640E-4	-1.000370E-2	5.965230E-5	1.059360E+2	1.170410E+2	1.316001E+3
1.059950E+2	9.996360E-3	1.442910E-4	-1.000380E-2	6.151200E-5	1.060560E+2	1.171580E+2	1.320001E+3
1.061150E+2	9.996420E-3	1.449580E-4	-1.000380E-2	6.263260E-5	1.061800E+2	1.172690E+2	1.324002E+3
1.062380E+2	9.996290E-3	1.435760E-4	-1.000370E-2	5.915170E-5	1.063040E+2	1.173600E+2	1.328041E+3
1.063610E+2	9.996390E-3	1.413110E-4	-1.000370E-2	5.846020E-5	1.064220E+2	1.174440E+2	1.332001E+3
1.064800E+2	9.996420E-3	1.449350E-4	-1.000360E-2	6.189350E-5	1.065420E+2	1.175440E+2	1.336001E+3
1.066000E+2	9.996470E-3	1.419070E-4	-1.000360E-2	5.950930E-5	1.066620E+2	1.176420E+2	1.340001E+3
1.067190E+2	9.996370E-3	1.469370E-4	-1.000360E-2	6.048680E-5	1.067830E+2	1.177440E+2	1.344042E+3
1.068370E+2	9.996420E-3	1.428840E-4	-1.000360E-2	5.500320E-5	1.068980E+2	1.178480E+2	1.348002E+3
1.069540E+2	9.996330E-3	1.408100E-4	-1.000370E-2	5.903240E-5	1.070140E+2	1.179490E+2	1.352000E+3
1.070740E+2	9.996350E-3	1.417880E-4	-1.000370E-2	5.862710E-5	1.071350E+2	1.180410E+2	1.356001E+3
1.071870E+2	9.996310E-3	1.469610E-4	-1.000370E-2	5.974770E-5	1.072520E+2	1.181420E+2	1.360043E+3
1.073090E+2	9.996330E-3	1.435040E-4	-1.000370E-2	5.967620E-5	1.073660E+2	1.182340E+2	1.364002E+3
1.074210E+2	9.996300E-3	1.438620E-4	-1.000380E-2	5.795960E-5	1.074810E+2	1.183370E+2	1.368002E+3
1.075370E+2	9.996250E-3	1.442670E-4	-1.000360E-2	5.664830E-5	1.075990E+2	1.184320E+2	1.372001E+3
1.076530E+2	9.996290E-3	1.421210E-4	-1.000360E-2	5.962850E-5	1.077120E+2	1.185390E+2	1.376043E+3
1.077650E+2	9.996330E-3	1.415250E-4	-1.000370E-2	5.679130E-5	1.078220E+2	1.186430E+2	1.380002E+3
1.078800E+2	9.996260E-3	1.415490E-4	-1.000360E-2	5.543230E-5	1.079370E+2	1.187440E+2	1.384001E+3
1.079960E+2	9.996320E-3	1.447680E-4	-1.000360E-2	5.719660E-5	1.080510E+2	1.188460E+2	1.388001E+3
1.081060E+2	9.996360E-3	1.427410E-4	-1.000360E-2	5.741120E-5	1.081650E+2	1.189440E+2	1.392056E+3
1.082190E+2	9.996350E-3	1.399040E-4	-1.000370E-2	5.867480E-5	1.082780E+2	1.190420E+2	1.396002E+3
1.083340E+2	9.996400E-3	1.449820E-4	-1.000360E-2	5.724430E-5	1.083900E+2	1.191420E+2	1.400002E+3
1.084460E+2	9.996330E-3	1.425270E-4	-1.000370E-2	5.464550E-5	1.085040E+2	1.192310E+2	1.404001E+3
1.085590E+2	9.996400E-3	1.426460E-4	-1.000350E-2	5.588530E-5	1.086210E+2	1.193220E+2	1.408043E+3
1.086720E+2	9.996300E-3	1.412870E-4	-1.000360E-2	5.900860E-5	1.087280E+2	1.194110E+2	1.412002E+3
1.087810E+2	9.996190E-3	1.414300E-4	-1.000370E-2	5.521770E-5	1.088380E+2	1.194840E+2	1.416001E+3
1.088900E+2	9.996370E-3	1.423120E-4	-1.000360E-2	5.757810E-5	1.089490E+2	1.195550E+2	1.420001E+3
1.089990E+2	9.996320E-3	1.415970E-4	-1.000370E-2	5.931850E-5	1.090600E+2	1.196330E+2	1.424043E+3
1.091100E+2	9.996350E-3	1.449110E-4	-1.000380E-2	5.514620E-5	1.091650E+2	1.197100E+2	1.428001E+3
1.092150E+2	9.996360E-3	1.436710E-4	-1.000370E-2	5.936620E-5	1.092710E+2	1.197940E+2	1.432001E+3
1.093250E+2	9.996340E-3	1.446720E-4	-1.000370E-2	5.831720E-5	1.093780E+2	1.198850E+2	1.436000E+3
1.094290E+2	9.996390E-3	1.451970E-4	-1.000370E-2	5.617140E-5	1.094850E+2	1.199640E+2	1.440044E+3
1.095350E+2	9.996390E-3	1.444340E-4	-1.000360E-2	6.005760E-5	1.095910E+2	1.200510E+2	1.444001E+3
1.096420E+2	9.996530E-3	1.461030E-4	-1.000360E-2	5.533700E-5	1.096930E+2	1.201370E+2	1.448000E+3
1.097440E+2	9.996270E-3	1.454110E-4	-1.000370E-2	5.702970E-5	1.097990E+2	1.202230E+2	1.452001E+3
1.098480E+2	9.996250E-3	1.450780E-4	-1.000380E-2	5.757810E-5	1.099070E+2	1.203120E+2	1.456044E+3
1.099510E+2	9.996300E-3	1.439330E-4	-1.000370E-2	5.531310E-5	1.100070E+2	1.204060E+2	1.460001E+3
1.100570E+2	9.996330E-3	1.436230E-4	-1.000370E-2	5.562310E-5	1.101130E+2	1.204990E+2	1.464001E+3
1.101630E+2	9.996380E-3	1.425740E-4	-1.000370E-2	5.588530E-5	1.102140E+2	1.205920E+2	1.468002E+3
1.102650E+2	9.996250E-3	1.418350E-4	-1.000380E-2	5.466940E-5	1.103190E+2	1.206800E+2	1.472045E+3
1.103640E+2	9.996270E-3	1.443390E-4	-1.000380E-2	5.614760E-5	1.104200E+2	1.207650E+2	1.476003E+3
1.104690E+2	9.996350E-3	1.432180E-4	-1.000370E-2	5.543230E-5	1.105230E+2	1.208540E+2	1.480002E+3
1.105750E+2	9.996330E-3	1.453880E-4	-1.000370E-2	5.507470E-5	1.106230E+2	1.209380E+2	1.484046E+3
1.106750E+2	9.996330E-3	1.458410E-4	-1.000370E-2	5.745890E-5	1.107250E+2	1.210200E+2	1.488043E+3
1.107740E+2	9.996310E-3	1.429800E-4	-1.000370E-2	5.531310E-5	1.108280E+2	1.210990E+2	1.492000E+3
1.108750E+2	9.996280E-3	1.436470E-4	-1.000360E-2	5.865100E-5	1.109270E+2	1.211810E+2	1.496002E+3
1.109720E+2	9.996360E-3	1.442430E-4	-1.000370E-2	5.400180E-5	1.110270E+2	1.212690E+2	1.500000E+3
1.110780E+2	9.996400E-3	1.463170E-4	-1.000360E-2	5.729200E-5	1.111280E+2	1.213580E+2	1.504043E+3
1.111750E+2	9.996430E-3	1.440530E-4	-1.000360E-2	5.524160E-5	1.112240E+2	1.214490E+2	1.508001E+3
1.112720E+2	9.996430E-3	1.470570E-4	-1.000370E-2	5.416870E-5	1.113230E+2	1.215410E+2	1.512001E+3
1.113710E+2	9.996290E-3	1.456740E-4	-1.000380E-2	5.640980E-5	1.114230E+2	1.216340E+2	1.516002E+3
1.114720E+2	9.996320E-3	1.463650E-4	-1.000370E-2	5.719660E-5	1.115200E+2	1.217250E+2	1.520044E+3
1.115680E+2	9.996440E-3	1.451970E-4	-1.000370E-2	5.698200E-5	1.116210E+2	1.218180E+2	1.524002E+3
1.116680E+2	9.996270E-3	1.485820E-4	-1.000370E-2	5.466940E-5	1.117190E+2	1.219090E+2	1.528002E+3
1.117690E+2	9.996310E-3	1.433130E-4	-1.000380E-2	5.531310E-5	1.118190E+2	1.219960E+2	1.532001E+3
1.118650E+2	9.996420E-3	1.475330E-4	-1.000370E-2	5.657670E-5	1.119180E+2	1.220870E+2	1.536057E+3
1.119630E+2	9.996360E-3	1.475330E-4	-1.000370E-2	5.683900E-5	1.120150E+2	1.221750E+2	1.540001E+3
1.120600E+2	9.996380E-3	1.446960E-4	-1.000370E-2	5.455020E-5	1.121120E+2	1.222560E+2	1.544002E+3
1.121590E+2	9.996400E-3	1.447680E-4	-1.000380E-2	6.015300E-5	1.122060E+2	1.223440E+2	1.548000E+3
1.122570E+2	9.996310E-3	1.456020E-4	-1.000370E-2	5.557540E-5	1.123080E+2	1.224300E+2	1.552044E+3
1.123550E+2	9.996230E-3	1.475330E-4	-1.000380E-2	5.674360E-5	1.124040E+2	1.225130E+2	1.556001E+3
1.124510E+2	9.996160E-3	1.450300E-4	-1.000370E-2	5.788800E-5	1.124960E+2	1.225970E+2	1.560000E+3
1.125450E+2	9.996300E-3	1.479390E-4	-1.000370E-2	5.633830E-5	1.125920E+2	1.226800E+2	1.564001E+3
1.126410E+2	9.996320E-3	1.456500E-4	-1.000370E-2	5.609990E-5	1.126910E+2	1.227650E+2	1.568043E+3
1.127380E+2	9.996290E-3	1.453880E-4	-1.000370E-2	5.681510E-5	1.127860E+2	1.228470E+2	1.572001E+3
1.128300E+2	9.996210E-3	1.490120E-4	-1.000370E-2	5.407330E-5	1.128830E+2	1.229240E+2	1.576001E+3
1.129260E+2	9.996320E-3	1.470090E-4	-1.000380E-2	5.199910E-5	1.129750E+2	1.230060E+2	1.580002E+3
1.130220E+2	9.996340E-3	1.453400E-4	-1.000360E-2	5.643370E-5	1.130710E+2	1.230850E+2	1.584045E+3
1.131190E+2	9.996180E-3	1.436230E-4	-1.000370E-2	5.660060E-5	1.131650E+2	1.231720E+2	1.588001E+3
1.132110E+2	9.996290E-3	1.498940E-4	-1.000370E-2	5.443100E-5	1.132610E+2	1.232520E+2	1.592001E+3
1.133030E+2	9.996310E-3	1.459600E-4	-1.000360E-2	5.698200E-5	1.133510E+2	1.233400E+2	1.596000E+3
1.133990E+2	9.996340E-3	1.447440E-4	-1.000360E-2	5.340580E-5	1.134490E+2	1.234250E+2	1.600044E+3
1.134930E+2	9.996290E-3	1.481770E-4	-1.000360E-2	5.559920E-5	1.135400E+2	1.235140E+2	1.604000E+3
1.135810E+2	9.996390E-3	1.482490E-4	-1.000360E-2	5.540850E-5	1.136320E+2	1.235940E+2	1.608001E+3
1.136750E+2	9.996340E-3	1.475330E-4	-1.000370E-2	5.488400E-5	1.137260E+2	1.236760E+2	1.612000E+3
1.137680E+2	9.996340E-3	1.457930E-4	-1.000370E-2	5.328660E-5	1.138180E+2	1.237630E+2	1.616044E+3
1.138590E+2	9.996400E-3	1.458410E-4	-1.000370E-2	5.331040E-5	1.139080E+2	1.238470E+2	1.620001E+3
1.139530E+2	9.996290E-3	1.469610E-4	-1.000380E-2	5.433560E-5	1.140010E+2	1.239300E+2	1.624002E+3
1.140450E+2	9.996180E-3	1.458410E-4	-1.000380E-2	5.626680E-5	1.140920E+2	1.240090E+2	1.628001E+3
1.141360E+2	9.996110E-3	1.448150E-4	-1.000390E-2	5.459790E-5	1.141820E+2	1.240950E+2	1.632046E+3
1.142290E+2	9.996260E-3	1.457450E-4	-1.000390E-2	5.359650E-5	1.142740E+2	1.241700E+2	1.636002E+3
1.143210E+2	9.996260E-3	1.427890E-4	-1.000380E-2	5.300050E-5	1.143710E+2	1.242530E+2	1.640001E+3
1.144120E+2	9.996280E-3	1.457930E-4	-1.000370E-2	5.147460E-5	1.144540E+2	1.243290E+2	1.644002E+3
1.145040E+2	9.996270E-3	1.458170E-4	-1.000380E-2	5.266670E-5	1.145530E+2	1.244090E+2	1.648046E+3
1.145900E+2	9.996240E-3	1.443390E-4	-1.000370E-2	5.338190E-5	1.146340E+2	1.244840E+2	1.652000E+3
1.146810E+2	9.996270E-3	1.431230E-4	-1.000380E-2	5.362030E-5	1.147310E+2	1.245590E+2	1.656001E+3
1.147730E+2	9.996200E-3	1.442670E-4	-1.000390E-2	5.447860E-5	1.148200E+2	1.246380E+2	1.660002E+3
1.148610E+2	9.996260E-3	1.451730E-4	-1.000370E-2	5.528930E-5	1.149090E+2	1.247160E+2	1.664044E+3
1.149510E+2	9.996350E-3	1.450300E-4	-1.000370E-2	5.352500E-5	1.149980E+2	1.247890E+2	1.668001E+3
1.150380E+2	9.996270E-3	1.455310E-4	-1.000370E-2	5.536080E-5	1.150850E+2	1.248630E+2	1.672002E+3
1.151260E+2	9.996250E-3	1.446490E-4	-1.000380E-2	5.259510E-5	1.151700E+2	1.249390E+2	1.676001E+3
1.152180E+2	9.996260E-3	1.463170E-4	-1.000380E-2	5.354880E-5	1.152610E+2	1.250140E+2	1.680058E+3
1.153050E+2	9.996350E-3	1.446960E-4	-1.000370E-2	5.178450E-5	1.153490E+2	1.250910E+2	1.684001E+3
1.153890E+2	9.996330E-3	1.463170E-4	-1.000360E-2	4.978180E-5	1.154350E+2	1.251640E+2	1.688000E+3
1.154810E+2	9.996330E-3	1.474380E-4	-1.000360E-2	5.247590E-5	1.155250E+2	1.252420E+2	1.692001E+3
1.155650E+2	9.996320E-3	1.425030E-4	-1.000370E-2	5.333420E-5	1.156080E+2	1.253170E+2	1.696044E+3
1.156500E+2	9.996230E-3	1.462220E-4	-1.000370E-2	4.987720E-5	1.156960E+2	1.253920E+2	1.700000E+3
1.157380E+2	9.996310E-3	1.476290E-4	-1.000370E-2	4.999640E-5	1.157830E+2	1.254660E+2	1.704001E+3
1.158260E+2	9.996310E-3	1.454590E-4	-1.000370E-2	5.598070E-5	1.158700E+2	1.255370E+2	1.708002E+3
1.159090E+2	9.996400E-3	1.448390E-4	-1.000380E-2	5.185600E-5	1.159570E+2	1.256030E+2	1.712044E+3
1.159940E+2	9.996210E-3	1.480580E-4	-1.000370E-2	5.037780E-5	1.160390E+2	1.256740E+2	1.716002E+3
1.160790E+2	9.996320E-3	1.463650E-4	-1.000370E-2	5.259510E-5	1.161270E+2	1.257400E+2	1.720001E+3
1.161680E+2	9.996340E-3	1.454350E-4	-1.000370E-2	5.316730E-5	1.162090E+2	1.258070E+2	1.724002E+3
1.162510E+2	9.996390E-3	1.456020E-4	-1.000370E-2	5.149840E-5	1.162930E+2	1.258730E+2	1.728045E+3
1.163350E+2	9.996360E-3	1.472230E-4	-1.000370E-2	5.040170E-5	1.163800E+2	1.259300E+2	1.732001E+3
1.164150E+2	9.996270E-3	1.484630E-4	-1.000370E-2	5.073550E-5	1.164600E+2	1.260000E+2	1.736002E+3
1.165010E+2	9.996280E-3	1.475570E-4	-1.000370E-2	5.178450E-5	1.165430E+2	1.260660E+2	1.740074E+3
1.165850E+2	9.996290E-3	1.491550E-4	-1.000370E-2	5.476470E-5	1.166250E+2	1.253070E+2	1.744045E+3
1.166680E+2	9.996360E-3	1.472710E-4	-1.000360E-2	5.433560E-5	1.167080E+2	1.245190E+2	1.748002E+3
1.167430E+2	9.996400E-3	1.471520E-4	-1.000380E-2	5.447860E-5	1.167780E+2	1.239100E+2	1.752010E+3
1.168100E+2	9.996400E-3	1.500610E-4	-1.000360E-2	4.935260E-5	1.168400E+2	1.234020E+2	1.756002E+3
1.168700E+2	9.996380E-3	1.473190E-4	-1.000370E-2	5.190370E-5	1.169050E+2	1.229350E+2	1.760046E+3
1.169300E+2	9.996310E-3	1.443620E-4	-1.000360E-2	5.145070E-5	1.169530E+2	1.225180E+2	1.764000E+3
1.169740E+2	9.996410E-3	1.465800E-4	-1.000360E-2	4.968640E-5	1.169960E+2	1.221100E+2	1.768002E+3
1.170150E+2	9.996360E-3	1.460790E-4	-1.000360E-2	5.364420E-5	1.170310E+2	1.217130E+2	1.772002E+3
1.170440E+2	9.996380E-3	1.465080E-4	-1.000370E-2	5.309580E-5	1.170550E+2	1.213230E+2	1.776046E+3
1.170650E+2	9.996390E-3	1.460790E-4	-1.000380E-2	5.106930E-5	1.170750E+2	1.209580E+2	1.780001E+3
1.170810E+2	9.996390E-3	1.458170E-4	-1.000380E-2	4.971030E-5	1.170880E+2	1.205860E+2	1.784000E+3
1.170880E+2	9.996280E-3	1.444340E-4	-1.000390E-2	4.920960E-5	1.170870E+2	1.202270E+2	1.788000E+3
1.170880E+2	9.996320E-3	1.441000E-4	-1.000370E-2	4.818440E-5	1.170840E+2	1.198640E+2	1.792045E+3
1.170750E+2	9.996290E-3	1.418590E-4	-1.000380E-2	4.887580E-5	1.170670E+2	1.195190E+2	1.796000E+3
1.170640E+2	9.996260E-3	1.417640E-4	-1.000380E-2	4.711150E-5	1.170520E+2	1.191740E+2	1.800002E+3
1.170400E+2	9.996290E-3	1.450540E-4	-1.000360E-2	4.546640E-5	1.170270E+2	1.188310E+2	1.804001E+3
1.170100E+2	9.996310E-3	1.391170E-4	-1.000380E-2	5.023480E-5	1.169930E+2	1.184910E+2	1.808046E+3
1.169770E+2	9.996220E-3	1.425500E-4	-1.000380E-2	4.708770E-5	1.169540E+2	1.181620E+2	1.812001E+3
1.169340E+2	9.996300E-3	1.431470E-4	-1.000370E-2	4.596710E-5	1.169130E+2	1.178360E+2	1.816001E+3
1.168890E+2	9.996240E-3	1.421210E-4	-1.000380E-2	4.851820E-5	1.168630E+2	1.175070E+2	1.820002E+3
1.168350E+2	9.996430E-3	1.394270E-4	-1.000370E-2	4.611020E-5	1.168030E+2	1.171850E+2	1.824059E+3
1.167760E+2	9.996280E-3	1.393560E-4	-1.000380E-2	4.498960E-5	1.167430E+2	1.168680E+2	1.828002E+3
1.167110E+2	9.996240E-3	1.408820E-4	-1.000380E-2	4.737380E-5	1.166750E+2	1.165650E+2	1.832001E+3
1.166380E+2	9.996340E-3	1.426460E-4	-1.000370E-2	4.603860E-5	1.166010E+2	1.162520E+2	1.836002E+3
1.165620E+2	9.996370E-3	1.392360E-4	-1.000380E-2	4.453660E-5	1.165240E+2	1.159410E+2	1.840047E+3
1.164870E+2	9.996360E-3	1.393320E-4	-1.000370E-2	4.487040E-5	1.164430E+2	1.156460E+2	1.844002E+3
1.164010E+2	9.996270E-3	1.435760E-4	-1.000370E-2	4.768370E-5	1.163550E+2	1.153480E+2	1.848001E+3
1.163140E+2	9.996300E-3	1.417160E-4	-1.000370E-2	4.861360E-5	1.162630E+2	1.150540E+2	1.852000E+3
1.162200E+2	9.996430E-3	1.420740E-4	-1.000370E-2	4.541870E-5	1.161690E+2	1.147560E+2	1.856044E+3
1.161230E+2	9.996350E-3	1.424790E-4	-1.000370E-2	4.496570E-5	1.160720E+2	1.144770E+2	1.860000E+3
1.160190E+2	9.996220E-3	1.412870E-4	-1.000380E-2	4.920960E-5	1.159650E+2	1.141890E+2	1.864000E+3
1.159150E+2	9.996340E-3	1.383780E-4	-1.000380E-2	4.463200E-5	1.158590E+2	1.139050E+2	1.868000E+3
1.158050E+2	9.996360E-3	1.379970E-4	-1.000380E-2	4.475120E-5	1.157420E+2	1.136140E+2	1.872046E+3
1.156910E+2	9.996380E-3	1.373050E-4	-1.000380E-2	4.427430E-5	1.156310E+2	1.133320E+2	1.876001E+3
1.155750E+2	9.996270E-3	1.403570E-4	-1.000370E-2	4.630090E-5	1.155110E+2	1.130540E+2	1.880001E+3
1.154510E+2	9.996310E-3	1.416210E-4	-1.000380E-2	4.630090E-5	1.153900E+2	1.127800E+2	1.884002E+3
1.153310E+2	9.996220E-3	1.439570E-4	-1.000380E-2	4.477500E-5	1.152600E+2	1.124970E+2	1.888046E+3
1.152010E+2	9.996350E-3	1.408820E-4	-1.000380E-2	4.503730E-5	1.151370E+2	1.122360E+2	1.892002E+3
1.150730E+2	9.996250E-3	1.379010E-4	-1.000370E-2	4.823210E-5	1.150050E+2	1.119740E+2	1.896001E+3
1.149380E+2	9.996290E-3	1.384020E-4	-1.000380E-2	4.582410E-5	1.148660E+2	1.117160E+2	1.900001E+3
1.148040E+2	9.996410E-3	1.419540E-4	-1.000370E-2	4.463200E-5	1.147300E+2	1.114530E+2	1.904045E+3
1.146620E+2	9.996360E-3	1.404290E-4	-1.000380E-2	4.844670E-5	1.145930E+2	1.112100E+2	1.908002E+3
1.145220E+2	9.996330E-3	1.367330E-4	-1.000370E-2	4.715920E-5	1.144450E+2	1.109660E+2	1.912000E+3
1.143770E+2	9.996380E-3	1.425500E-4	-1.000380E-2	4.689690E-5	1.143080E+2	1.107200E+2	1.916000E+3
1.142360E+2	9.996320E-3	1.411440E-4	-1.000370E-2	4.849430E-5	1.141560E+2	1.104800E+2	1.920047E+3
1.140860E+2	9.996300E-3	1.367330E-4	-1.000370E-2	4.615780E-5	1.140100E+2	1.102700E+2	1.924002E+3
1.139350E+2	9.996280E-3	1.385690E-4	-1.000370E-2	4.715920E-5	1.138630E+2	1.100970E+2	1.928001E+3
1.137880E+2	9.996300E-3	1.400950E-4	-1.000380E-2	4.465580E-5	1.137090E+2	1.099860E+2	1.932000E+3
1.136340E+2	9.996380E-3	1.389270E-4	-1.000370E-2	4.875660E-5	1.135550E+2	1.099210E+2	1.936045E+3
1.134820E+2	9.996260E-3	1.397850E-4	-1.000380E-2	4.875660E-5	1.134020E+2	1.098850E+2	1.940002E+3
1.133280E+2	9.996310E-3	1.394510E-4	-1.000390E-2	4.756450E-5	1.132430E+2	1.098670E+2	1.944002E+3
1.131750E+2	9.996370E-3	1.391650E-4	-1.000380E-2	5.013940E-5	1.130990E+2	1.098700E+2	1.948001E+3
1.130260E+2	9.996390E-3	1.382350E-4	-1.000360E-2	4.687310E-5	1.129400E+2	1.098790E+2	1.952045E+3
1.128720E+2	9.996330E-3	1.395230E-4	-1.000390E-2	4.799370E-5	1.127960E+2	1.098910E+2	1.956001E+3
1.127180E+2	9.996320E-3	1.370910E-4	-1.000380E-2	4.713540E-5	1.126460E+2	1.099080E+2	1.960000E+3
1.125730E+2	9.996330E-3	1.372340E-4	-1.000380E-2	4.768370E-5	1.124970E+2	1.099190E+2	1.964001E+3
1.124280E+2	9.996210E-3	1.384500E-4	-1.000370E-2	4.749300E-5	1.123530E+2	1.099400E+2	1.968061E+3
1.122860E+2	9.996240E-3	1.362320E-4	-1.000360E-2	4.205700E-5	1.122100E+2	1.099510E+2	1.972002E+3
1.121450E+2	9.996270E-3	1.379010E-4	-1.000360E-2	4.582410E-5	1.120740E+2	1.099610E+2	1.976001E+3
1.120040E+2	9.996350E-3	1.350400E-4	-1.000370E-2	4.696850E-5	1.119340E+2	1.099690E+2	1.980002E+3
1.118670E+2	9.996270E-3	1.374960E-4	-1.000360E-2	4.947190E-5	1.117990E+2	1.099780E+2	1.984046E+3
1.117330E+2	9.996200E-3	1.374240E-4	-1.000380E-2	4.599090E-5	1.116650E+2	1.099800E+2	1.988074E+3
1.116050E+2	9.996320E-3	1.373770E-4	-1.000370E-2	4.701610E-5	1.115420E+2	1.096030E+2	1.992001E+3
1.114780E+2	9.996290E-3	1.372580E-4	-1.000370E-2	4.789830E-5	1.114150E+2	1.092100E+2	1.996002E+3
1.113500E+2	9.996300E-3	1.375910E-4	-1.000370E-2	4.758830E-5	1.112830E+2	1.088990E+2	2.000047E+3
1.112230E+2	9.996340E-3	1.368760E-4	-1.000370E-2	4.653930E-5	1.111510E+2	1.086390E+2	2.004002E+3
1.110940E+2	9.996420E-3	1.373530E-4	-1.000380E-2	4.889970E-5	1.110260E+2	1.083940E+2	2.008002E+3
1.109640E+2	9.996410E-3	1.366850E-4	-1.000360E-2	5.004410E-5	1.108950E+2	1.081680E+2	2.012002E+3
1.108300E+2	9.996360E-3	1.374960E-4	-1.000360E-2	4.816060E-5	1.107630E+2	1.079460E+2	2.016046E+3
1.107020E+2	9.996370E-3	1.358990E-4	-1.000370E-2	4.868510E-5	1.106300E+2	1.077400E+2	2.020001E+3
1.105650E+2	9.996290E-3	1.377580E-4	-1.000380E-2	4.651550E-5	1.104960E+2	1.075340E+2	2.024001E+3
1.104290E+2	9.996350E-3	1.377580E-4	-1.000380E-2	4.394050E-5	1.103600E+2	1.073290E+2	2.028002E+3
1.102940E+2	9.996430E-3	1.364950E-4	-1.000380E-2	5.123620E-5	1.102230E+2	1.071310E+2	2.032047E+3
1.101600E+2	9.996440E-3	1.340390E-4	-1.000380E-2	5.085470E-5	1.100930E+2	1.069500E+2	2.036002E+3
1.100230E+2	9.996510E-3	1.374960E-4	-1.000370E-2	4.665850E-5	1.099470E+2	1.067660E+2	2.040001E+3
1.098820E+2	9.996360E-3	1.385210E-4	-1.000380E-2	4.990100E-5	1.098070E+2	1.065860E+2	2.044001E+3
1.097400E+2	9.996410E-3	1.346110E-4	-1.000380E-2	5.207060E-5	1.096670E+2	1.064140E+2	2.048047E+3
1.096020E+2	9.996420E-3	1.375910E-4	-1.000370E-2	4.594330E-5	1.095270E+2	1.062520E+2	2.052000E+3
1.094610E+2	9.996360E-3	1.370670E-4	-1.000370E-2	4.680160E-5	1.093860E+2	1.060960E+2	2.056002E+3
1.093190E+2	9.996370E-3	1.341820E-4	-1.000380E-2	5.135540E-5	1.092430E+2	1.059440E+2	2.060001E+3
1.091790E+2	9.996340E-3	1.366140E-4	-1.000370E-2	4.863740E-5	1.091040E+2	1.057910E+2	2.064047E+3
1.090310E+2	9.996350E-3	1.365180E-4	-1.000380E-2	4.611020E-5	1.089670E+2	1.056510E+2	2.068001E+3
1.088930E+2	9.996380E-3	1.369710E-4	-1.000370E-2	5.314350E-5	1.088250E+2	1.055170E+2	2.072001E+3
1.087560E+2	9.996430E-3	1.347540E-4	-1.000370E-2	5.102160E-5	1.086830E+2	1.053970E+2	2.076002E+3
1.086110E+2	9.996470E-3	1.365900E-4	-1.000360E-2	4.818440E-5	1.085390E+2	1.052700E+2	2.080047E+3
1.084750E+2	9.996400E-3	1.375680E-4	-1.000380E-2	5.018710E-5	1.084010E+2	1.051590E+2	2.084002E+3
1.083320E+2	9.996500E-3	1.342300E-4	-1.000370E-2	4.875660E-5	1.082640E+2	1.050530E+2	2.088001E+3
1.081960E+2	9.996380E-3	1.332280E-4	-1.000370E-2	4.951950E-5	1.081240E+2	1.049630E+2	2.092002E+3
1.080560E+2	9.996300E-3	1.364710E-4	-1.000370E-2	4.696850E-5	1.079860E+2	1.048740E+2	2.096047E+3
1.079210E+2	9.996320E-3	1.363280E-4	-1.000380E-2	5.004410E-5	1.078500E+2	1.048020E+2	2.100000E+3
1.077870E+2	9.996220E-3	1.346350E-4	-1.000380E-2	5.116460E-5	1.077160E+2	1.047350E+2	2.104001E+3
1.076510E+2	9.996230E-3	1.326560E-4	-1.000380E-2	5.376340E-5	1.075840E+2	1.046860E+2	2.108002E+3
1.075170E+2	9.996240E-3	1.362320E-4	-1.000380E-2	4.794600E-5	1.074520E+2	1.046410E+2	2.112061E+3
1.073930E+2	9.996330E-3	1.370190E-4	-1.000370E-2	4.947190E-5	1.073250E+2	1.046130E+2	2.116001E+3
1.072680E+2	9.996340E-3	1.376390E-4	-1.000360E-2	5.376340E-5	1.072020E+2	1.046000E+2	2.120002E+3
1.071400E+2	9.996230E-3	1.337770E-4	-1.000370E-2	4.959110E-5	1.070770E+2	1.045930E+2	2.124002E+3
1.070170E+2	9.996250E-3	1.333480E-4	-1.000370E-2	4.727840E-5	1.069560E+2	1.045970E+2	2.128048E+3
1.068990E+2	9.996160E-3	1.347780E-4	-1.000380E-2	5.059240E-5	1.068380E+2	1.046160E+2	2.132002E+3
1.067840E+2	9.996250E-3	1.334670E-4	-1.000370E-2	4.987720E-5	1.067240E+2	1.046460E+2	2.136002E+3
1.066700E+2	9.996240E-3	1.344440E-4	-1.000380E-2	4.997250E-5	1.066170E+2	1.046930E+2	2.140001E+3
1.065590E+2	9.996290E-3	1.350160E-4	-1.000370E-2	5.288120E-5	1.065050E+2	1.047500E+2	2.144047E+3
1.064590E+2	9.996380E-3	1.359940E-4	-1.000370E-2	4.951950E-5	1.064040E+2	1.048180E+2	2.148001E+3
1.063550E+2	9.996340E-3	1.369710E-4	-1.000360E-2	5.393030E-5	1.063030E+2	1.049030E+2	2.152002E+3
1.062590E+2	9.996430E-3	1.380920E-4	-1.000370E-2	5.366800E-5	1.062120E+2	1.050000E+2	2.156002E+3
1.061650E+2	9.996390E-3	1.386640E-4	-1.000370E-2	5.619530E-5	1.061180E+2	1.051170E+2	2.160048E+3
1.060760E+2	9.996330E-3	1.405000E-4	-1.000360E-2	5.674360E-5	1.060320E+2	1.052460E+2	2.164002E+3
1.059940E+2	9.996290E-3	1.388550E-4	-1.000370E-2	5.571840E-5	1.059510E+2	1.053900E+2	2.168002E+3
1.059120E+2	9.996250E-3	1.391170E-4	-1.000370E-2	5.390640E-5	1.058730E+2	1.055590E+2	2.172002E+3
1.058400E+2	9.996230E-3	1.383540E-4	-1.000380E-2	5.488400E-5	1.058020E+2	1.057430E+2	2.176048E+3
1.057680E+2	9.996320E-3	1.369240E-4	-1.000370E-2	5.753040E-5	1.057350E+2	1.059410E+2	2.180001E+3
1.057070E+2	9.996220E-3	1.382110E-4	-1.000380E-2	5.290510E-5	1.056760E+2	1.061560E+2	2.184002E+3
1.056510E+2	9.996290E-3	1.401420E-4	-1.000380E-2	5.304810E-5	1.056230E+2	1.063890E+2	2.188002E+3
1.056010E+2	9.996310E-3	1.343490E-4	-1.000360E-2	5.686280E-5	1.055740E+2	1.066340E+2	2.192049E+3
1.055520E+2	9.996210E-3	1.380210E-4	-1.000370E-2	5.483630E-5	1.055340E+2	1.068870E+2	2.196002E+3
1.055140E+2	9.996150E-3	1.391410E-4	-1.000370E-2	5.428790E-5	1.054960E+2	1.071600E+2	2.200000E+3
1.054860E+2	9.996210E-3	1.375200E-4	-1.000370E-2	5.366800E-5	1.054710E+2	1.074390E+2	2.204002E+3
1.054610E+2	9.996210E-3	1.395230E-4	-1.000370E-2	5.798340E-5	1.054550E+2	1.077350E+2	2.208048E+3
1.054430E+2	9.996210E-3	1.358510E-4	-1.000380E-2	5.676750E-5	1.054380E+2	1.080340E+2	2.212001E+3
1.054350E+2	9.996180E-3	1.396420E-4	-1.000390E-2	5.702970E-5	1.054330E+2	1.083460E+2	2.216001E+3
1.054320E+2	9.996240E-3	1.375440E-4	-1.000370E-2	5.908010E-5	1.054290E+2	1.086660E+2	2.220001E+3
1.054350E+2	9.996240E-3	1.387600E-4	-1.000380E-2	5.338190E-5	1.054360E+2	1.090080E+2	2.224049E+3
1.054440E+2	9.996350E-3	1.366850E-4	-1.000370E-2	5.412100E-5	1.054510E+2	1.093490E+2	2.228002E+3
1.054580E+2	9.996230E-3	1.402620E-4	-1.000380E-2	5.939010E-5	1.054700E+2	1.097160E+2	2.232000E+3
1.054850E+2	9.996230E-3	1.396180E-4	-1.000380E-2	5.614760E-5	1.055030E+2	1.101060E+2	2.236002E+3
1.055190E+2	9.996290E-3	1.406430E-4	-1.000380E-2	5.803110E-5	1.055420E+2	1.105250E+2	2.240048E+3
1.055670E+2	9.996320E-3	1.377340E-4	-1.000380E-2	5.784030E-5	1.055950E+2	1.109290E+2	2.244001E+3
1.056220E+2	9.996270E-3	1.394510E-4	-1.000370E-2	5.769730E-5	1.056530E+2	1.113640E+2	2.248000E+3
1.056870E+2	9.996280E-3	1.405720E-4	-1.000380E-2	5.548000E-5	1.057210E+2	1.118050E+2	2.252002E+3
1.057570E+2	9.996290E-3	1.391410E-4	-1.000380E-2	5.936620E-5	1.058000E+2	1.122720E+2	2.256062E+3
1.058380E+2	9.996390E-3	1.419780E-4	-1.000380E-2	6.072520E-5	1.058830E+2	1.127300E+2	2.260001E+3
1.059290E+2	9.996270E-3	1.419070E-4	-1.000370E-2	5.893710E-5	1.059790E+2	1.131970E+2	2.264000E+3
1.060270E+2	9.996350E-3	1.430030E-4	-1.000380E-2	5.922320E-5	1.060830E+2	1.136630E+2	2.268001E+3
1.061370E+2	9.996320E-3	1.408820E-4	-1.000380E-2	5.905630E-5	1.061930E+2	1.141420E+2	2.272049E+3
1.062500E+2	9.996240E-3	1.441240E-4	-1.000380E-2	5.977150E-5	1.063130E+2	1.145900E+2	2.276002E+3
1.063760E+2	9.996300E-3	1.419540E-4	-1.000380E-2	5.998610E-5	1.064430E+2	1.150360E+2	2.280002E+3
1.065020E+2	9.996350E-3	1.415250E-4	-1.000360E-2	5.881790E-5	1.065780E+2	1.154870E+2	2.284001E+3
1.066440E+2	9.996310E-3	1.421690E-4	-1.000370E-2	5.593300E-5	1.067150E+2	1.159510E+2	2.288049E+3
1.067870E+2	9.996380E-3	1.438140E-4	-1.000370E-2	5.948540E-5	1.068680E+2	1.164040E+2	2.292001E+3
1.069460E+2	9.996370E-3	1.461030E-4	-1.000360E-2	5.943780E-5	1.070410E+2	1.168100E+2	2.296001E+3
1.071250E+2	9.996350E-3	1.452680E-4	-1.000370E-2	5.860330E-5	1.072130E+2	1.171470E+2	2.300000E+3
1.072980E+2	9.996290E-3	1.413110E-4	-1.000370E-2	6.389620E-5	1.073850E+2	1.175270E+2	2.304048E+3
1.074630E+2	9.996310E-3	1.464130E-4	-1.000360E-2	6.058220E-5	1.075560E+2	1.179240E+2	2.308000E+3
1.076420E+2	9.996410E-3	1.474860E-4	-1.000360E-2	6.201270E-5	1.077300E+2	1.183420E+2	2.312001E+3
1.078220E+2	9.996310E-3	1.445290E-4	-1.000360E-2	5.822180E-5	1.079200E+2	1.187520E+2	2.316002E+3
1.080090E+2	9.996310E-3	1.468660E-4	-1.000350E-2	6.351470E-5	1.081090E+2	1.191700E+2	2.320049E+3
1.082010E+2	9.996330E-3	1.454590E-4	-1.000370E-2	6.337170E-5	1.082980E+2	1.195810E+2	2.324002E+3
1.083910E+2	9.996330E-3	1.476760E-4	-1.000380E-2	5.979540E-5	1.084910E+2	1.200050E+2	2.328001E+3
1.085880E+2	9.996240E-3	1.489160E-4	-1.000360E-2	5.877020E-5	1.086940E+2	1.204230E+2	2.332002E+3
1.087900E+2	9.996260E-3	1.462460E-4	-1.000380E-2	6.105900E-5	1.088990E+2	1.208580E+2	2.336049E+3
1.090010E+2	9.996310E-3	1.482490E-4	-1.000380E-2	6.151200E-5	1.091060E+2	1.212760E+2	2.340001E+3
1.092070E+2	9.996400E-3	1.516100E-4	-1.000370E-2	5.924700E-5	1.093170E+2	1.217100E+2	2.344002E+3
1.094250E+2	9.996330E-3	1.483680E-4	-1.000370E-2	5.998610E-5	1.095490E+2	1.221500E+2	2.348002E+3
1.096900E+2	9.996330E-3	1.469370E-4	-1.000360E-2	6.234650E-5	1.098460E+2	1.223550E+2	2.352049E+3
1.099760E+2	9.996280E-3	1.501080E-4	-1.000370E-2	6.027220E-5	1.101160E+2	1.220270E+2	2.356001E+3
1.102450E+2	9.996290E-3	1.516340E-4	-1.000370E-2	5.812650E-5	1.103810E+2	1.213980E+2	2.360001E+3
1.104980E+2	9.996350E-3	1.487490E-4	-1.000380E-2	5.936620E-5	1.106140E+2	1.206560E+2	2.364002E+3
1.107120E+2	9.996410E-3	1.457450E-4	-1.000380E-2	5.896090E-5	1.108050E+2	1.199470E+2	2.368048E+3
1.108780E+2	9.996290E-3	1.458880E-4	-1.000370E-2	5.681510E-5	1.109580E+2	1.196100E+2	2.372001E+3
1.110340E+2	9.996250E-3	1.470330E-4	-1.000380E-2	5.757810E-5	1.111060E+2	1.194580E+2	2.376000E+3
1.111740E+2	9.996310E-3	1.462220E-4	-1.000380E-2	5.548000E-5	1.112390E+2	1.193880E+2	2.380001E+3
1.113070E+2	9.996280E-3	1.443860E-4	-1.000370E-2	5.176070E-5	1.113840E+2	1.193340E+2	2.384050E+3
1.114400E+2	9.996340E-3	1.442190E-4	-1.000370E-2	5.466940E-5	1.115010E+2	1.191140E+2	2.388000E+3
1.115560E+2	9.996410E-3	1.432900E-4	-1.000360E-2	5.764960E-5	1.116130E+2	1.189930E+2	2.392001E+3
1.116690E+2	9.996350E-3	1.426940E-4	-1.000370E-2	5.660060E-5	1.117200E+2	1.189130E+2	2.396001E+3
1.117740E+2	9.996290E-3	1.429320E-4	-1.000360E-2	5.240440E-5	1.118300E+2	1.188280E+2	2.400062E+3
1.118760E+2	9.996270E-3	1.425030E-4	-1.000370E-2	5.493160E-5	1.119330E+2	1.187000E+2	2.404000E+3
1.119820E+2	9.996360E-3	1.422170E-4	-1.000380E-2	5.469320E-5	1.120380E+2	1.183160E+2	2.408001E+3
1.120820E+2	9.996470E-3	1.425740E-4	-1.000370E-2	5.295280E-5	1.121270E+2	1.173840E+2	2.412002E+3
1.121590E+2	9.996380E-3	1.432180E-4	-1.000380E-2	5.300050E-5	1.121850E+2	1.159330E+2	2.416050E+3
1.122020E+2	9.996340E-3	1.438620E-4	-1.000380E-2	5.190370E-5	1.122090E+2	1.142850E+2	2.420001E+3
1.122060E+2	9.996380E-3	1.437900E-4	-1.000370E-2	5.083080E-5	1.121880E+2	1.124440E+2	2.424002E+3
1.121560E+2	9.996280E-3	1.409050E-4	-1.000370E-2	5.018710E-5	1.121090E+2	1.105140E+2	2.428001E+3
1.120510E+2	9.996320E-3	1.374480E-4	-1.000370E-2	4.909040E-5	1.119740E+2	1.084830E+2	2.432048E+3
1.118910E+2	9.996460E-3	1.368280E-4	-1.000360E-2	4.696850E-5	1.117890E+2	1.065400E+2	2.436001E+3
1.116770E+2	9.996330E-3	1.365660E-4	-1.000360E-2	4.785060E-5	1.115450E+2	1.045520E+2	2.440001E+3
1.114060E+2	9.996320E-3	1.337290E-4	-1.000360E-2	4.286770E-5	1.112510E+2	1.026280E+2	2.444000E+3
1.111010E+2	9.996330E-3	1.302960E-4	-1.000380E-2	4.091260E-5	1.109260E+2	1.007670E+2	2.448050E+3
1.107630E+2	9.996310E-3	1.293420E-4	-1.000380E-2	4.012580E-5	1.105840E+2	9.907500E+1	2.452001E+3
1.104070E+2	9.996380E-3	1.283650E-4	-1.000370E-2	3.631120E-5	1.102160E+2	9.755600E+1	2.456000E+3
1.100260E+2	9.996370E-3	1.287220E-4	-1.000370E-2	4.057880E-5	1.098190E+2	9.618300E+1	2.460001E+3
1.096190E+2	9.996370E-3	1.295800E-4	-1.000380E-2	3.876690E-5	1.093850E+2	9.485400E+1	2.464050E+3
1.091740E+2	9.996280E-3	1.261230E-4	-1.000380E-2	3.895760E-5	1.089390E+2	9.364700E+1	2.468000E+3
1.087130E+2	9.996320E-3	1.281500E-4	-1.000380E-2	4.079340E-5	1.084650E+2	9.252100E+1	2.472002E+3
1.082270E+2	9.996290E-3	1.278640E-4	-1.000380E-2	4.193780E-5	1.079680E+2	9.151600E+1	2.476001E+3
1.077170E+2	9.996340E-3	1.257660E-4	-1.000380E-2	3.967290E-5	1.074470E+2	9.059300E+1	2.480049E+3
1.071980E+2	9.996330E-3	1.263380E-4	-1.000380E-2	4.134180E-5	1.069230E+2	8.975500E+1	2.484001E+3
1.066690E+2	9.996350E-3	1.244070E-4	-1.000370E-2	4.441740E-5	1.063940E+2	8.890600E+1	2.488001E+3
1.061300E+2	9.996310E-3	1.290800E-4	-1.000370E-2	4.007820E-5	1.058550E+2	8.801800E+1	2.492002E+3
1.055880E+2	9.996460E-3	1.191850E-4	-1.000370E-2	3.626350E-5	1.052800E+2	8.646600E+1	2.496049E+3
1.050100E+2	9.996400E-3	1.206870E-4	-1.000370E-2	3.960130E-5	1.046330E+2	8.438600E+1	2.500000E+3
1.039120E+2	9.996270E-3	1.253600E-4	-1.000380E-2	4.076960E-5	1.029860E+2	8.294400E+1	2.504001E+3
1.020670E+2	9.996400E-3	1.199010E-4	-1.000380E-2	3.778930E-5	1.011380E+2	8.207000E+1	2.508001E+3
1.002920E+2	9.996250E-3	1.166110E-4	-1.000390E-2	3.855230E-5	9.941700E+1	8.146900E+1	2.512050E+3
9.860700E+1	9.996460E-3	1.163960E-4	-1.000370E-2	4.150870E-5	9.740300E+1	8.100400E+1	2.516001E+3
9.521000E+1	9.996420E-3	5.147460E-5	-1.000360E-2	8.072850E-5	9.305700E+1	8.065000E+1	2.520001E+3
9.173100E+1	9.996410E-3	7.631780E-5	-1.000360E-2	1.152040E-4	9.064000E+1	8.034700E+1	2.524001E+3
8.972200E+1	9.996370E-3	8.525850E-5	-1.000370E-2	1.221420E-4	8.872900E+1	8.011700E+1	2.528051E+3
8.782800E+1	9.996320E-3	8.385180E-5	-1.000370E-2	1.202340E-4	8.691000E+1	8.007900E+1	2.532001E+3
8.617200E+1	9.996310E-3	8.234980E-5	-1.000360E-2	1.224760E-4	8.541900E+1	8.012400E+1	2.536002E+3
8.475800E+1	9.996260E-3	7.812980E-5	-1.000370E-2	1.181840E-4	8.417500E+1	8.014000E+1	2.540000E+3
8.364100E+1	9.996380E-3	8.041860E-5	-1.000370E-2	1.181130E-4	8.308000E+1	8.014700E+1	2.544062E+3
8.263700E+1	9.996520E-3	9.210110E-5	-1.000360E-2	1.163010E-4	8.218800E+1	8.014600E+1	2.548003E+3
8.181000E+1	9.996440E-3	8.108620E-5	-1.000360E-2	1.173500E-4	8.140800E+1	8.017200E+1	2.552002E+3
8.105300E+1	9.996460E-3	9.119510E-5	-1.000360E-2	1.169440E-4	8.220300E+1	8.019800E+1	2.556000E+3
8.239500E+1	9.996440E-3	8.003710E-5	-1.000370E-2	1.144410E-4	8.256200E+1	8.027200E+1	2.560050E+3
8.250100E+1	9.996450E-3	7.753370E-5	-1.000360E-2	1.133920E-4	8.304400E+1	8.035000E+1	2.564002E+3
8.323000E+1	9.996540E-3	7.779600E-5	-1.000370E-2	1.190900E-4	8.327900E+1	8.049500E+1	2.568001E+3
8.321100E+1	9.996440E-3	7.970330E-5	-1.000370E-2	1.158240E-4	8.317900E+1	8.069700E+1	2.572002E+3
8.321300E+1	9.996380E-3	7.932190E-5	-1.000360E-2	1.157520E-4	8.349600E+1	8.079800E+1	2.576051E+3
8.372900E+1	9.996400E-3	7.853510E-5	-1.000370E-2	1.153950E-4	8.373500E+1	8.091000E+1	2.580001E+3
8.366100E+1	9.996370E-3	7.779600E-5	-1.000360E-2	1.148700E-4	8.357700E+1	8.093500E+1	2.584001E+3
8.345500E+1	9.996470E-3	8.111000E-5	-1.000360E-2	1.142740E-4	8.364800E+1	8.080900E+1	2.588000E+3
8.381600E+1	9.996430E-3	7.760520E-5	-1.000370E-2	1.130100E-4	8.382100E+1	8.072100E+1	2.592051E+3
8.375700E+1	9.996460E-3	7.832050E-5	-1.000370E-2	1.145360E-4	8.346400E+1	8.062700E+1	2.596001E+3
8.337800E+1	9.996400E-3	7.894040E-5	-1.000370E-2	1.128910E-4	8.377800E+1	8.051600E+1	2.600001E+3
8.371700E+1	9.996340E-3	7.989410E-5	-1.000360E-2	1.139400E-4	8.356200E+1	8.038200E+1	2.604002E+3
8.331400E+1	9.996360E-3	7.987020E-5	-1.000380E-2	1.157760E-4	8.334400E+1	8.023700E+1	2.608049E+3
8.362700E+1	9.996450E-3	7.355210E-5	-1.000370E-2	1.146790E-4	8.347400E+1	8.013900E+1	2.612001E+3
8.326500E+1	9.996480E-3	7.622240E-5	-1.000370E-2	1.152750E-4	8.323100E+1	8.014100E+1	2.616001E+3
8.322800E+1	9.996340E-3	7.705690E-5	-1.000370E-2	1.144170E-4	8.350300E+1	8.028200E+1	2.620002E+3
8.366300E+1	9.996330E-3	8.063320E-5	-1.000380E-2	1.158240E-4	8.375100E+1	8.052100E+1	2.624050E+3
8.367300E+1	9.996390E-3	7.412430E-5	-1.000370E-2	1.121760E-4	8.363400E+1	8.069200E+1	2.628001E+3
8.356800E+1	9.996420E-3	7.910730E-5	-1.000380E-2	1.144890E-4	8.349800E+1	8.076100E+1	2.632002E+3
8.362700E+1	9.996420E-3	7.736680E-5	-1.000370E-2	1.133920E-4	8.380800E+1	8.077500E+1	2.636002E+3
8.390200E+1	9.996410E-3	7.867810E-5	-1.000370E-2	1.136540E-4	8.370200E+1	8.073900E+1	2.640051E+3
8.346500E+1	9.996340E-3	7.896420E-5	-1.000370E-2	1.167060E-4	8.360500E+1	8.070800E+1	2.644000E+3
